    MD Step      E Total   E Potential     E Kinetic       Temp       Pres

         1     -791.9588    -1406.9625      615.0037     295.59   -1703.66
         2     -837.6011    -1455.2807      617.6796     296.88    2247.09
         3     -735.3501    -1397.4959      662.1458     318.25   -1912.15
         4     -808.2687    -1437.0569      628.7883     302.21    2887.71
         5     -776.8538    -1403.7639      626.9101     301.31    6582.02
         6     -798.9698    -1422.0787      623.1089     299.48    2004.33
         7     -759.1558    -1394.6759      635.5201     305.45    6885.22
         8     -764.7949    -1412.4517      647.6568     311.28    1386.26
         9     -765.5400    -1382.0464      616.5064     296.31    7091.00
        10     -785.6510    -1410.9204      625.2694     300.52     728.07
        11     -753.2038    -1374.9652      621.7614     298.84    7337.84
        12     -551.5171    -1203.8609      652.3438     313.54   10057.80
        13     -554.2950    -1219.7635      665.4685     319.84    8860.26
        14     -798.2234    -1417.5502      619.3268     297.67    3518.56
        15     -862.3577    -1522.3427      659.9850     317.21   -2651.72
        16     -809.0316    -1396.1919      587.1603     282.21    3802.91
        17     -898.7390    -1514.5189      615.7799     295.96   -3472.69
        18     -774.8246    -1415.4172      640.5925     307.89   -9069.63
        19     -699.8802    -1335.6471      635.7669     305.57  -10928.01
        20     -772.2760    -1389.5887      617.3127     296.70   -9013.68
        21     -770.8035    -1416.7376      645.9340     310.46   -3420.48
        22     -720.8215    -1350.3623      629.5408     302.58   -9662.70
        23     -756.5951    -1411.0005      654.4054     314.53   -2759.26
        24     -685.1054    -1291.1645      606.0591     291.29    3323.94
        25     -784.6779    -1368.8713      584.1934     280.78   -4610.68
        26     -707.9870    -1323.3224      615.3354     295.75    3436.38
        27     -570.9829    -1191.2523      620.2694     298.12    8413.83
        28     -543.7408    -1177.1832      633.4424     304.45    9613.62
        29     -528.1677    -1149.7012      621.5336     298.73    7887.13
        30     -534.4043    -1187.0976      652.6933     313.70    2327.08
        31     -629.2132    -1252.7522      623.5390     299.69   -5082.58
        32     -564.1525    -1179.4202      615.2677     295.72    2604.42
        33     -611.8298    -1246.2814      634.4516     304.94   -5557.18
        34     -562.1478    -1193.9215      631.7737     303.65  -10974.65
        35     -568.3374    -1190.5625      622.2251     299.06   -4916.44
        36     -506.2655    -1139.6946      633.4291     304.44    2034.77
        37     -542.4148    -1158.0458      615.6309     295.89    7791.18
        38     -557.6948    -1218.6280      660.9332     317.66    9210.50
        39     -631.3101    -1254.4852      623.1751     299.52    4943.80
        40     -567.2119    -1204.6403      637.4284     306.37    9086.14
        41     -532.0367    -1128.9866      596.9499     286.91    7466.71
        42     -540.3438    -1162.3470      622.0032     298.95    1967.49
        43     -471.1128    -1086.3357      615.2229     295.69    7916.03
        44     -455.4696    -1092.6811      637.2114     306.26    9117.72
        45     -417.5223    -1033.2805      615.7582     295.95    7348.85
        46     -453.3639    -1083.6466      630.2827     302.93    1840.59
        47     -390.1599     -995.7584      605.5986     291.07    7608.85
        48     -448.3164    -1060.0176      611.7012     294.00    8854.14
        49     -635.0634    -1234.6165      599.5530     288.16    5075.92
        50     -459.9392    -1091.9213      631.9822     303.75    8750.10
        51     -588.9722    -1198.7297      609.7575     293.07    4224.83
        52     -556.5467    -1192.5368      635.9901     305.68   -2187.96
        53     -522.7793    -1132.6504      609.8712     293.12    4977.47
        54     -473.3404    -1090.0194      616.6791     296.39    8358.81
        55     -549.9901    -1155.5833      605.5932     291.07    7039.11
        56     -477.4544    -1076.6665      599.2120     288.00    7992.00
        57     -541.5156    -1156.0480      614.5324     295.36    6664.59
        58     -503.0980    -1125.1287      622.0306     298.97    7809.52
        59     -580.5286    -1169.8017      589.2731     283.22    6178.00
        60     -567.9031    -1183.8094      615.9063     296.02    7492.16
        61     -506.4222    -1116.8067      610.3845     293.37    3824.38
        62     -478.6798    -1112.8380      634.1582     304.80    7832.68
        63     -433.7018    -1085.6325      651.9307     313.34    6642.54
        64     -463.4321    -1113.8257      650.3936     312.60    1246.71
        65     -439.8737    -1049.0347      609.1610     292.78    6695.15
        66     -536.0291    -1135.4219      599.3928     288.09     711.83
        67     -506.6206    -1150.0886      643.4680     309.27   -5267.85
        68     -573.5634    -1198.6542      625.0907     300.44   -9690.44
        69     -617.6841    -1240.5270      622.8428     299.36   -9845.07
        70     -683.1928    -1291.8465      608.6536     292.54   -6068.77
        71     -751.4537    -1341.1698      589.7161     283.44    -686.92
        72     -755.6034    -1385.6941      630.0906     302.84    3618.11
        73     -674.8309    -1297.0460      622.2151     299.06   -1328.09
        74     -580.3604    -1214.8955      634.5351     304.98   -6526.23
        75     -594.7648    -1238.9751      644.2103     309.63   -9522.19
        76     -656.3663    -1256.6208      600.2546     288.50   -8895.92
        77     -601.6496    -1217.1497      615.5001     295.83   -9495.74
        78     -646.5464    -1260.5243      613.9780     295.10   -8453.81
        79     -579.5916    -1252.7773      673.1858     323.55   -8536.95
        80     -512.6851    -1147.3094      634.6242     305.02   -6152.08
        81     -570.8226    -1188.7414      617.9189     296.99   -9663.02
        82     -519.2922    -1188.4469      669.1547     321.62   -5363.67
        83     -562.8339    -1194.3328      631.4989     303.52   -9504.88
        84     -527.2341    -1138.7963      611.5623     293.94   -9629.68
        85     -483.2909    -1127.9233      644.6325     309.83   -9654.37
        86     -518.0582    -1138.0801      620.0219     298.00   -6213.44
        87     -467.5021    -1093.7760      626.2739     301.01  -10123.02
        88     -538.6569    -1143.7990      605.1421     290.85   -5730.65
        89     -552.1948    -1157.2274      605.0326     290.80   -9451.57
        90     -545.5747    -1166.0927      620.5180     298.24   -9099.17
        91     -457.1520    -1097.1123      639.9602     307.58   -9416.55
        92     -516.2474    -1158.8315      642.5841     308.85   -8705.77
        93     -527.5456    -1149.6605      622.1149     299.01   -8764.53
        94     -506.3167    -1125.0291      618.7124     297.37   -5675.43
        95     -573.7138    -1216.4527      642.7389     308.92    -140.31
        96     -655.5671    -1285.8867      630.3195     302.95    3749.08
        97     -662.7027    -1302.6064      639.9037     307.56    4219.73
        98     -688.0280    -1304.3140      616.2860     296.21    1016.45
        99     -652.1345    -1270.7695      618.6350     297.33    4177.71
       100     -708.9408    -1307.4608      598.5200     287.67     649.22

 Average Values for the Last   100 Out of      100 Dynamics Steps

 Simulation Time              0.1000 Picosecond
 Total Energy              -606.3467 Kcal/mole   (+/- 117.9022)
 Potential Energy         -1231.3045 Kcal/mole   (+/- 118.2860)
 Kinetic Energy             624.9577 Kcal/mole   (+/-  18.2066)
 Intermolecular           -1873.7400 Kcal/mole   (+/-  66.4567)
 Temperature                  300.37 Kelvin      (+/-     8.75)
 Pressure                      95.99 Atmosphere  (+/-  6711.46)
 Density                      0.7514 Grams/cc    (+/-   0.0011)

 Instantaneous Values for Frame Saved at       100 Dynamics Steps

 Current Time                 0.1000 Picosecond
 Current Potential        -1307.4608 Kcal/mole
 Current Kinetic            598.5200 Kcal/mole
 Lattice Lengths           21.001521     21.001521     21.001521
 Lattice Angles            90.000000     90.000000     90.000000
 Frame Number                      1
 Coordinate File            water.001

    MD Step      E Total   E Potential     E Kinetic       Temp       Pres

       101     -672.9184    -1287.7971      614.8787     295.53   -4032.26
       102     -621.3940    -1243.6731      622.2791     299.09    1274.48
       103     -589.7080    -1225.1491      635.4411     305.41    4101.66
       104     -653.8569    -1266.4999      612.6430     294.45    3485.29
       105     -636.5812    -1284.1137      647.5325     311.22      66.34
       106     -627.5827    -1255.1936      627.6109     301.65   -4981.17
       107     -589.3727    -1214.5964      625.2237     300.50   -8515.40
       108     -602.3565    -1214.1283      611.7718     294.04   -8758.13
       109     -563.7210    -1174.1366      610.4156     293.38   -8554.02
       110     -614.0150    -1226.2425      612.2275     294.25   -8357.42
       111     -628.0885    -1223.9589      595.8704     286.39   -7967.37
       112     -573.7838    -1189.5803      615.7964     295.97   -4964.76
       113     -538.0388    -1145.7508      607.7119     292.08   -8787.44
       114     -521.6664    -1155.6467      633.9803     304.71   -8790.27
       115     -664.8290    -1248.4416      583.6125     280.50   -5529.12
       116     -550.0454    -1173.8364      623.7910     299.81   -8576.64
       117     -518.8803    -1143.9760      625.0956     300.44   -8373.70
       118     -471.9104    -1109.3213      637.4110     306.36   -8729.92
       119     -519.8724    -1136.2935      616.4211     296.27   -5969.03
       120     -429.2932    -1078.1394      648.8463     311.85   -8921.00
       121     -531.7265    -1127.2611      595.5347     286.23   -5651.67
       122     -509.0917    -1160.6518      651.5602     313.16   -8014.32
       123     -548.8133    -1176.4784      627.6651     301.67   -7775.08
       124     -468.4985    -1123.6812      655.1827     314.90   -7998.65
       125     -527.1706    -1115.6445      588.4739     282.84   -5745.69
       126     -601.2853    -1239.4420      638.1567     306.72   -1003.75
       127     -487.0159    -1091.1981      604.1822     290.39   -6045.95
       128     -454.4228    -1086.0599      631.6371     303.58   -8266.12
       129     -606.5602    -1237.7856      631.2254     303.39   -7074.70
       130     -690.1448    -1316.7507      626.6058     301.17   -3905.20
       131     -699.6766    -1307.7257      608.0491     292.25    -431.78
       132     -626.6654    -1281.8376      655.1722     314.90    2287.93
       133     -658.1010    -1273.5750      615.4740     295.82    2293.56
       134     -638.7518    -1254.1652      615.4134     295.79    1808.47
       135     -617.7494    -1226.1637      608.4143     292.42    -948.47
       136     -582.3424    -1193.6572      611.3148     293.82    1922.68
       137     -639.4718    -1238.5522      599.0804     287.94   -1174.94
       138     -618.4103    -1242.3307      623.9203     299.87   -4432.09
       139     -532.9710    -1170.3444      637.3734     306.34    -703.95
       140     -531.8642    -1146.8905      615.0263     295.60    1718.59
       141     -651.7508    -1261.3965      609.6458     293.01    2332.30
       142     -725.3853    -1368.3488      642.9635     309.03     481.43
       143     -722.5806    -1385.7784      663.1978     318.75   -3196.18
       144     -717.2366    -1315.7515      598.5148     287.66     520.76
       145     -745.2756    -1406.7684      661.4928     317.93   -3149.17
       146     -729.5879    -1343.3490      613.7611     294.99     747.70
       147     -591.1366    -1205.4138      614.2772     295.24    2222.94
       148     -556.9943    -1220.2133      663.2190     318.76    1990.60
       149     -505.7304    -1138.2344      632.5040     304.00    2045.59
       150     -518.3776    -1146.5178      628.1402     301.90    -120.04
       151     -454.2641    -1089.5975      635.3334     305.36    2072.36
       152     -506.2336    -1149.8504      643.6168     309.34    -272.00
       153     -580.9533    -1232.3087      651.3555     313.06   -3604.50
       154     -491.2523    -1121.9138      630.6616     303.11    -107.26
       155     -525.9702    -1139.9838      614.0136     295.11    1927.89
       156     -690.3519    -1294.1464      603.7944     290.20    1771.12
       157     -536.0330    -1162.4198      626.3868     301.06    1940.27
       158     -678.0704    -1268.5452      590.4748     283.80    1421.52
       159     -586.5392    -1253.2000      666.6608     320.42    2262.68
       160     -636.6772    -1258.9574      622.2801     299.09    1364.70
       161     -689.2260    -1304.4413      615.2153     295.69    2024.70
       162     -635.2593    -1253.5680      618.3087     297.18    -124.40
       163     -633.8554    -1281.5485      647.6931     311.30   -3420.29
       164     -606.7833    -1201.9071      595.1238     286.03      -4.33
       165     -574.7479    -1187.4433      612.6954     294.48    1890.17
       166     -685.0596    -1299.3798      614.3202     295.26    1608.58
       167     -731.7494    -1355.5326      623.7832     299.81   -1025.21
       168     -653.9150    -1263.3929      609.4778     292.93    1670.58
       169     -719.2499    -1354.2540      635.0041     305.20   -1226.90
       170     -704.5184    -1312.2251      607.7067     292.08    1732.01
       171     -591.7945    -1205.6839      613.8894     295.05    1866.67
       172     -592.5805    -1216.2946      623.7141     299.78    1282.60
       173     -610.7593    -1227.9933      617.2340     296.66    1841.23
       174     -618.5612    -1226.5695      608.0083     292.23    -194.27
       175     -705.9986    -1312.8302      606.8316     291.66   -3355.78
       176     -709.0574    -1374.0546      664.9971     319.62   -5869.01
       177     -627.1607    -1254.8976      627.7370     301.71   -3038.76
       178     -763.9042    -1372.2338      608.3296     292.38   -6218.22
       179     -688.4065    -1331.2478      642.8413     308.97   -7510.78
       180     -653.4102    -1285.5949      632.1847     303.85   -6207.51
       181     -706.0734    -1338.3832      632.3099     303.91   -7320.39
       182     -650.2612    -1290.3248      640.0636     307.63   -6569.69
       183     -657.1366    -1263.5118      606.3752     291.44   -7916.80
       184     -619.8794    -1252.9392      633.0598     304.27   -6535.83
       185     -561.4262    -1189.2526      627.8264     301.75   -8260.30
       186     -601.5924    -1259.5408      657.9484     316.23   -6064.50
       187     -634.3853    -1257.3823      622.9970     299.43   -3334.90
       188     -700.7003    -1296.0068      595.3065     286.12    -334.07
       189     -711.7322    -1344.8313      633.0991     304.29    1449.28
       190     -606.4704    -1244.0631      637.5927     306.45    -578.14
       191     -553.1965    -1169.5224      616.3259     296.22   -3784.12
       192     -558.6549    -1172.9375      614.2827     295.24    -478.50
       193     -603.9067    -1200.8942      596.9875     286.93   -3791.80
       194     -632.6253    -1258.7239      626.0985     300.92   -6015.59
       195     -551.7365    -1152.0996      600.3631     288.55   -3574.50
       196     -638.1916    -1261.0417      622.8501     299.36   -6074.76
       197     -592.9161    -1218.1471      625.2310     300.50   -3025.06
       198     -585.0535    -1204.4345      619.3810     297.69    -390.12
       199     -532.1767    -1160.3532      628.1765     301.92   -3657.24
       200     -564.1068    -1203.1726      639.0658     307.15   -6112.74

 Average Values for the Last   100 Out of      200 Dynamics Steps

 Simulation Time              0.2000 Picosecond
 Total Energy              -607.6727 Kcal/mole   (+/-  73.7745)
 Potential Energy         -1231.2802 Kcal/mole   (+/-  73.7765)
 Kinetic Energy             623.6075 Kcal/mole   (+/-  18.1923)
 Intermolecular           -1990.8203 Kcal/mole   (+/-  23.9113)
 Temperature                  299.72 Kelvin      (+/-     8.74)
 Pressure                   -2640.17 Atmosphere  (+/-  3927.84)
 Density                      0.7551 Grams/cc    (+/-   0.0011)

 Instantaneous Values for Frame Saved at       200 Dynamics Steps

 Current Time                 0.2000 Picosecond
 Current Potential        -1203.1726 Kcal/mole
 Current Kinetic            639.0658 Kcal/mole
 Lattice Lengths           20.959034     20.959034     20.959034
 Lattice Angles            90.000000     90.000000     90.000000
 Frame Number                      2
 Coordinate File            water.002

    MD Step      E Total   E Potential     E Kinetic       Temp       Pres

       201     -489.5565    -1116.6588      627.1023     301.40   -3441.56
       202     -563.0305    -1207.7602      644.7297     309.88   -6113.40
       203     -655.7388    -1263.0558      607.3170     291.89   -7290.38
       204     -711.0843    -1351.4951      640.4108     307.80   -5814.36
       205     -599.2396    -1230.0349      630.7953     303.18   -7251.97
       206     -549.6331    -1165.8999      616.2668     296.20   -6349.20
       207     -510.4694    -1158.7036      648.2342     311.56   -7627.67
       208     -547.2706    -1175.9647      628.6941     302.17   -5937.07
       209     -577.8686    -1210.1254      632.2568     303.88   -7160.38
       210     -582.4890    -1225.1165      642.6275     308.87   -5367.31
       211     -582.7436    -1245.1533      662.4098     318.37   -6606.76
       212     -577.2129    -1221.4401      644.2271     309.63   -6270.06
       213     -679.2574    -1286.0008      606.7435     291.62   -4018.46
       214     -750.2378    -1366.9426      616.7047     296.41   -1287.66
       215     -660.9727    -1262.3377      601.3650     289.03   -4323.98
       216     -597.2412    -1220.7697      623.5285     299.69   -6206.96
       217     -555.4566    -1180.7977      625.3412     300.56   -4155.60
       218     -634.8343    -1232.3347      597.5004     287.18   -6246.72
       219     -680.1884    -1286.5520      606.3636     291.44   -6383.25
       220     -755.4408    -1375.0102      619.5694     297.78   -4609.54
       221     -677.4180    -1264.7645      587.3465     282.30   -6522.83
       222     -635.7967    -1210.6251      574.8284     276.28   -6299.75
       223     -743.6091    -1333.4152      589.8061     283.48   -3613.97
       224     -806.0481    -1432.1515      626.1033     300.92    -873.02
       225     -804.9182    -1421.2844      616.3662     296.24      94.21
       226     -747.3287    -1384.4756      637.1470     306.23   -1206.64
       227     -777.0490    -1417.0727      640.0237     307.61     242.34
       228     -802.9065    -1418.7370      615.8304     295.99   -1229.08
       229     -815.5022    -1451.9012      636.3990     305.87     334.71
       230     -823.0166    -1446.1188      623.1022     299.48   -1141.78
       231     -669.5198    -1277.6402      608.1204     292.28   -3890.47
       232     -761.2371    -1347.2088      585.9717     281.64   -1194.50
       233     -721.3073    -1337.0918      615.7845     295.96   -3482.90
       234     -642.8566    -1281.0957      638.2392     306.76   -5515.68
       235     -637.5678    -1302.8458      665.2779     319.75   -5999.96
       236     -599.6673    -1226.5719      626.9046     301.31   -5615.11
       237     -664.6438    -1320.7963      656.1524     315.37   -5781.14
       238     -669.3572    -1280.7200      611.3629     293.84   -5205.18
       239     -718.5867    -1359.7534      641.1667     308.16   -5448.24
       240     -674.9657    -1310.9704      636.0047     305.68   -5069.69
       241     -638.1119    -1287.7924      649.6805     312.26   -5791.83
       242     -683.0550    -1319.1184      636.0634     305.71   -4805.19
       243     -711.6024    -1336.2356      624.6332     300.22   -5467.52
       244     -733.4045    -1361.6858      628.2814     301.97   -4427.19
       245     -684.1453    -1287.2768      603.1315     289.88   -3398.58
       246     -686.0214    -1320.3784      634.3570     304.89   -1501.47
       247     -604.6533    -1237.6793      633.0259     304.25   -3661.79
       248     -675.0916    -1316.1614      641.0698     308.12   -1304.83
       249     -701.1815    -1295.4748      594.2933     285.64   -3539.56
       250     -650.1780    -1272.8223      622.6444     299.26   -5030.39
       251     -616.2967    -1213.6891      597.3924     287.12   -3547.15
       252     -658.2119    -1253.2689      595.0571     286.00   -1812.01
       253     -800.8248    -1401.3232      600.4984     288.62    -574.17
       254     -647.6528    -1265.0378      617.3850     296.73   -1707.33
       255     -739.5695    -1374.5438      634.9743     305.19    -446.90
       256     -684.3666    -1326.4044      642.0379     308.58   -1352.50
       257     -621.1298    -1243.0088      621.8789     298.89   -3400.91
       258     -654.0011    -1293.2930      639.2918     307.26   -4794.38
       259     -767.0256    -1363.0056      595.9800     286.45   -5527.79
       260     -656.0518    -1293.4860      637.4342     306.37   -4596.68
       261     -734.2136    -1345.5738      611.3603     293.84   -5481.71
       262     -687.9665    -1315.8092      627.8427     301.76   -5244.52
       263     -733.2893    -1353.7334      620.4440     298.20   -3725.26
       264     -655.7049    -1287.5198      631.8150     303.67   -5397.92
       265     -729.6279    -1350.3249      620.6969     298.33   -3502.95
       266     -697.7587    -1330.9148      633.1561     304.31   -2092.49
       267     -656.3574    -1279.7023      623.3449     299.60   -4032.56
       268     -726.2055    -1340.6319      614.4264     295.31   -1983.70
       269     -688.4247    -1338.8959      650.4712     312.64   -1081.91
       270     -748.5073    -1380.4899      631.9825     303.75   -1502.62
       271     -745.1831    -1408.0157      662.8326     318.58   -2750.63
       272     -735.2515    -1324.4874      589.2359     283.20   -1747.79
       273     -805.9057    -1433.7567      627.8510     301.76   -2802.67
       274     -820.0374    -1414.4220      594.3846     285.68   -4821.55
       275     -822.2566    -1428.2420      605.9854     291.25   -5861.36
       276     -767.3122    -1368.8188      601.5067     289.10   -4750.05
       277     -737.9914    -1337.4560      599.4646     288.12   -3199.18
       278     -661.0204    -1306.4638      645.4434     310.22   -5019.57
       279     -729.5454    -1322.9953      593.4499     285.23   -6422.33
       280     -812.0538    -1436.2141      624.1602     299.99   -5769.66
       281     -870.3201    -1517.1875      646.8674     310.90   -4302.05
       282     -812.2402    -1405.2554      593.0151     285.02   -6059.04
       283     -880.3509    -1523.6592      643.3083     309.19   -4059.10
       284     -819.6950    -1449.5274      629.8324     302.72   -5496.25
       285     -699.6252    -1312.0374      612.4122     294.34   -6206.65
       286     -715.7935    -1334.8462      619.0527     297.54   -4899.94
       287     -781.4293    -1418.9111      637.4818     306.39   -2810.90
       288     -846.6591    -1447.4440      600.7849     288.76   -1723.34
       289     -794.2847    -1396.5299      602.2453     289.46   -3160.93
       290     -719.6435    -1332.6577      613.0142     294.63   -4782.24
       291     -684.5723    -1314.1311      629.5588     302.58   -3063.44
       292     -701.8589    -1323.3357      621.4768     298.70   -1998.25
       293     -767.0207    -1403.4787      636.4581     305.90   -1551.45
       294     -828.4323    -1438.1758      609.7435     293.06   -2590.54
       295     -713.7137    -1378.3059      664.5922     319.42   -1409.80
       296     -661.9904    -1281.1994      619.2090     297.61   -2101.60
       297     -694.8796    -1312.6089      617.7293     296.90   -1906.56
       298     -740.5906    -1346.7118      606.1212     291.32   -2847.35
       299     -656.5571    -1276.7312      620.1740     298.07   -1913.20
       300     -703.8302    -1342.3089      638.4787     306.87   -2766.99

 Average Values for the Last   100 Out of      300 Dynamics Steps

 Simulation Time              0.3000 Picosecond
 Total Energy              -700.5394 Kcal/mole   (+/-  80.2360)
 Potential Energy         -1323.2859 Kcal/mole   (+/-  78.4756)
 Kinetic Energy             622.7465 Kcal/mole   (+/-  19.1734)
 Intermolecular           -2069.7000 Kcal/mole   (+/-  37.5733)
 Temperature                  299.31 Kelvin      (+/-     9.22)
 Pressure                   -3894.09 Atmosphere  (+/-  1988.35)
 Density                      0.7608 Grams/cc    (+/-   0.0019)

 Instantaneous Values for Frame Saved at       300 Dynamics Steps

 Current Time                 0.3000 Picosecond
 Current Potential        -1342.3089 Kcal/mole
 Current Kinetic            638.4787 Kcal/mole
 Lattice Lengths           20.896535     20.896535     20.896535
 Lattice Angles            90.000000     90.000000     90.000000
 Frame Number                      3
 Coordinate File            water.003

    MD Step      E Total   E Potential     E Kinetic       Temp       Pres

       301     -699.6059    -1324.8959      625.2900     300.53   -1661.11
       302     -770.1862    -1375.8233      605.6371     291.09   -2785.49
       303     -784.4924    -1364.0970      579.6046     278.58   -4523.33
       304     -781.6009    -1433.9390      652.3380     313.53   -5080.76
       305     -818.1265    -1459.1851      641.0586     308.11   -5366.45
       306     -802.2286    -1398.2996      596.0710     286.49   -5371.95
       307     -888.0489    -1481.8063      593.7574     285.38   -5312.48
       308     -855.3096    -1459.4089      604.0993     290.35   -4839.91
       309     -872.9646    -1496.5196      623.5549     299.70   -4934.92
       310     -736.6613    -1387.0198      650.3585     312.58   -4808.95
       311     -700.6552    -1343.5451      642.8899     308.99   -3814.13
       312     -767.9375    -1378.1868      610.2494     293.30   -2679.60
       313     -701.9902    -1326.7220      624.7317     300.26   -4039.95
       314     -767.7246    -1378.2564      610.5318     293.44   -2521.87
       315     -746.0621    -1400.1859      654.1237     314.39   -1926.45
       316     -708.3350    -1306.9156      598.5807     287.70   -2931.08
       317     -790.1185    -1417.4343      627.3158     301.51   -1937.30
       318     -814.8960    -1438.5892      623.6931     299.77   -2651.61
       319     -815.7803    -1468.2903      652.5101     313.62   -3907.94
       320     -753.8538    -1385.8808      632.0270     303.77   -2603.74
       321     -838.2314    -1471.0256      632.7941     304.14   -4017.48
       322     -809.1836    -1445.6222      636.4386     305.89   -2288.25
       323     -738.1985    -1351.2995      613.1010     294.67   -2115.87
       324     -731.9723    -1368.5163      636.5440     305.94   -2730.33
       325     -755.9669    -1370.9200      614.9531     295.56   -1989.57
       326     -730.3627    -1362.1444      631.7817     303.65   -2408.05
       327     -834.3231    -1431.4370      597.1139     286.99   -3688.28
       328     -864.9707    -1477.7590      612.7884     294.52   -4849.86
       329     -775.7548    -1389.2188      613.4640     294.85   -3542.34
       330     -866.3532    -1471.4984      605.1451     290.85   -4940.08
       331     -834.7380    -1452.7320      617.9939     297.03   -3136.09
       332     -739.3443    -1366.4828      627.1386     301.42   -2241.24
       333     -772.7715    -1386.6018      613.8303     295.03   -1893.15
       334     -687.9543    -1335.2751      647.3208     311.12   -2306.02
       335     -782.6368    -1378.8413      596.2045     286.55   -1976.62
       336     -775.3134    -1409.3533      634.0399     304.74   -2050.01
       337     -770.0581    -1405.1533      635.0952     305.25   -1653.75
       338     -753.6647    -1352.1118      598.4471     287.63   -2934.75
       339     -758.3448    -1416.9291      658.5844     316.54   -4010.21
       340     -866.9384    -1473.2635      606.3251     291.42   -5648.57
       341     -869.4346    -1482.8528      613.4182     294.83   -6217.65
       342     -783.1558    -1422.7449      639.5891     307.41   -5511.73
       343     -843.0041    -1471.4525      628.4484     302.05   -6088.21
       344     -779.8235    -1413.0762      633.2527     304.36   -5927.90
       345     -813.0841    -1392.2268      579.1427     278.35   -6716.23
       346     -810.4879    -1454.6789      644.1910     309.62   -5434.83
       347     -808.0734    -1414.1281      606.0547     291.29   -6298.05
       348     -710.2227    -1362.8229      652.6001     313.66   -5708.82
       349     -797.3191    -1415.4628      618.1437     297.10   -4144.33
       350     -857.0410    -1458.9770      601.9361     289.31   -2663.30
       351     -737.7959    -1388.8015      651.0056     312.89   -4166.61
       352     -855.8791    -1436.7153      580.8361     279.17   -2678.08
       353     -808.9850    -1415.2585      606.2735     291.39   -2148.82
       354     -728.2438    -1357.0329      628.7891     302.21   -2847.37
       355     -688.5696    -1344.0993      655.5297     315.07   -4047.21
       356     -774.7954    -1416.6748      641.8793     308.51   -5197.33
       357     -847.3994    -1462.3239      614.9244     295.55   -5820.74
       358     -756.3524    -1395.6361      639.2836     307.26   -5104.44
       359     -830.9275    -1453.2681      622.3406     299.12   -5741.04
       360     -804.3521    -1411.5954      607.2434     291.86   -5817.31
       361     -756.1928    -1388.8747      632.6819     304.09   -5930.18
       362     -774.0745    -1372.2527      598.1783     287.50   -5401.48
       363     -815.9015    -1447.1744      631.2729     303.41   -3546.41
       364     -889.3945    -1495.2008      605.8063     291.17   -2348.18
       365     -874.4606    -1485.6899      611.2293     293.78   -2104.91
       366     -793.4020    -1438.4775      645.0755     310.04   -2419.21
       367     -733.9252    -1349.9944      616.0692     296.10   -3980.63
       368     -734.1797    -1387.3823      653.2025     313.95   -4854.91
       369     -809.2790    -1453.0210      643.7420     309.40   -5363.68
       370     -746.4895    -1366.1589      619.6694     297.83   -4926.60
       371     -814.2221    -1461.4664      647.2444     311.09   -5203.31
       372     -754.4728    -1424.5205      670.0477     322.05   -5262.33
       373     -747.4196    -1377.2460      629.8264     302.71   -5619.10
       374     -813.5760    -1450.5188      636.9428     306.13   -5120.63
       375     -831.9230    -1433.3820      601.4590     289.08   -5300.75
       376     -760.4174    -1378.6410      618.2236     297.14   -4775.13
       377     -826.8916    -1434.6788      607.7872     292.12   -3451.59
       378     -713.2741    -1360.2867      647.0126     310.97   -4720.89
       379     -710.3030    -1327.2605      616.9576     296.53   -5746.65
       380     -697.7314    -1309.7094      611.9780     294.13   -4925.39
       381     -716.0068    -1369.1208      653.1140     313.91   -3401.61
       382     -835.6726    -1472.1000      636.4274     305.89   -2327.93
       383     -877.1748    -1490.8307      613.6559     294.94   -2487.81
       384     -869.1010    -1475.2694      606.1683     291.34   -3427.19
       385     -845.2640    -1471.8160      626.5520     301.14   -4445.15
       386     -799.6237    -1415.5331      615.9094     296.02   -3420.86
       387     -864.3414    -1479.7757      615.4342     295.80   -4429.71
       388     -832.3584    -1468.9565      636.5980     305.97   -2981.75
       389     -733.3707    -1384.8326      651.4619     313.11   -2529.67
       390     -728.5783    -1388.5263      659.9481     317.19   -2492.38
       391     -791.5351    -1418.3546      626.8196     301.27   -3357.46
       392     -796.5770    -1451.6097      655.0328     314.83   -4174.62
       393     -816.5967    -1461.1224      644.5257     309.78   -5026.48
       394     -799.9630    -1408.8140      608.8510     292.63   -4410.02
       395     -727.8828    -1359.0664      631.1836     303.37   -3467.17
       396     -668.7152    -1320.9824      652.2672     313.50   -4755.33
       397     -682.5536    -1339.5452      656.9915     315.77   -5492.20
       398     -633.0821    -1269.0809      635.9988     305.68   -4862.97
       399     -671.9017    -1310.6367      638.7351     307.00   -3542.60
       400     -600.5172    -1227.9993      627.4821     301.59   -5144.68

 Average Values for the Last   100 Out of      400 Dynamics Steps

 Simulation Time              0.4000 Picosecond
 Total Energy              -780.5695 Kcal/mole   (+/-  59.4894)
 Potential Energy         -1406.3692 Kcal/mole   (+/-  54.0563)
 Kinetic Energy             625.7997 Kcal/mole   (+/-  19.8483)
 Intermolecular           -2160.6951 Kcal/mole   (+/-  18.5560)
 Temperature                  300.78 Kelvin      (+/-     9.54)
 Pressure                   -3995.79 Atmosphere  (+/-  1353.31)
 Density                      0.7673 Grams/cc    (+/-   0.0021)

 Instantaneous Values for Frame Saved at       400 Dynamics Steps

 Current Time                 0.4000 Picosecond
 Current Potential        -1227.9993 Kcal/mole
 Current Kinetic            627.4821 Kcal/mole
 Lattice Lengths           20.832599     20.832599     20.832599
 Lattice Angles            90.000000     90.000000     90.000000
 Frame Number                      4
 Coordinate File            water.004

    MD Step      E Total   E Potential     E Kinetic       Temp       Pres

       401     -699.1915    -1311.3037      612.1122     294.20   -5670.81
       402     -855.4793    -1495.0974      639.6181     307.42   -4825.61
       403     -699.7642    -1322.3707      622.6065     299.24   -5404.58
       404     -858.7871    -1475.5134      616.7263     296.42   -4941.30
       405     -835.7047    -1477.4018      641.6971     308.42   -4444.91
       406     -764.7775    -1403.7776      639.0001     307.12   -5156.17
       407     -818.3754    -1475.8505      657.4751     316.00   -4205.73
       408     -773.8383    -1412.2279      638.3896     306.83   -3905.95
       409     -766.4372    -1415.5815      649.1443     312.00   -3184.01
       410     -868.0289    -1455.9771      587.9481     282.59   -3158.36
       411     -786.3406    -1414.4084      628.0678     301.87   -3259.79
       412     -843.4483    -1447.7708      604.3225     290.46   -3042.20
       413     -783.8424    -1437.1689      653.3266     314.01   -3314.10
       414     -725.0285    -1360.6969      635.6684     305.52   -3145.09
       415     -796.4833    -1441.6791      645.1958     310.10   -3308.46
       416     -784.1278    -1418.7410      634.6133     305.01   -2838.86
       417     -752.5283    -1372.7137      620.1855     298.08   -3296.05
       418     -757.6431    -1351.6093      593.9662     285.48   -3265.83
       419     -791.0249    -1403.3353      612.3104     294.29   -3430.29
       420     -895.2715    -1525.6046      630.3331     302.96   -3762.19
       421     -750.0154    -1393.7438      643.7285     309.40   -3177.70
       422     -704.7082    -1313.3918      608.6836     292.55   -3222.66
       423     -824.3299    -1419.4697      595.1399     286.04   -3094.73
       424     -692.9943    -1320.1622      627.1679     301.44   -3032.40
       425     -782.0621    -1398.3884      616.3264     296.22   -3077.71
       426     -759.6565    -1389.3826      629.7261     302.67   -2670.19
       427     -798.6971    -1423.5103      624.8132     300.30   -2896.54
       428     -826.0846    -1437.5687      611.4841     293.90   -2511.57
       429     -832.6681    -1468.2164      635.5483     305.46   -2609.18
       430     -789.0074    -1419.1590      630.1516     302.87   -3844.10
       431     -767.8056    -1395.9697      628.1642     301.91   -2749.26
       432     -793.3683    -1437.0009      643.6326     309.35   -3677.72
       433     -799.6004    -1410.5197      610.9193     293.63   -5145.17
       434     -840.6895    -1459.5586      618.8691     297.45   -5544.89
       435     -742.7962    -1376.7044      633.9081     304.68   -4988.73
       436     -862.8795    -1449.8520      586.9726     282.12   -5681.57
       437     -851.4423    -1459.5058      608.0635     292.25   -5441.33
       438     -745.1714    -1384.9630      639.7916     307.50   -5633.88
       439     -840.3264    -1441.6105      601.2841     289.00   -5413.33
       440     -809.7673    -1456.8557      647.0884     311.01   -5041.53
       441     -764.6561    -1408.3737      643.7175     309.39   -4626.45
       442     -774.4098    -1383.6688      609.2589     292.83   -5618.91
       443     -798.0973    -1442.8390      644.7417     309.88   -4281.29
       444     -782.3592    -1421.5070      639.1478     307.19   -5141.14
       445     -847.0615    -1469.6224      622.5609     299.22   -4102.96
       446     -780.9061    -1426.2392      645.3331     310.17   -3354.67
       447     -750.6759    -1382.7519      632.0760     303.79   -4576.00
       448     -817.9309    -1441.3877      623.4569     299.65   -3253.06
       449     -803.5955    -1432.4769      628.8815     302.26   -2757.92
       450     -722.5814    -1376.6429      654.0615     314.36   -3432.72
       451     -734.2496    -1353.4141      619.1645     297.59   -4570.06
       452     -678.9567    -1330.7515      651.7948     313.27   -3461.00
       453     -735.7546    -1358.0964      622.3418     299.12   -4510.45
       454     -791.9709    -1391.0808      599.1099     287.95   -3350.38
       455     -792.3091    -1427.0714      634.7623     305.09   -2555.68
       456     -898.2253    -1509.0993      610.8740     293.60   -2626.45
       457     -939.5788    -1529.8166      590.2378     283.69   -3560.00
       458     -821.6493    -1476.3212      654.6720     314.65   -2405.92
       459     -768.5350    -1383.1536      614.6186     295.40   -2738.74
       460     -788.9851    -1410.2128      621.2276     298.58   -2886.28
       461     -770.3032    -1416.9306      646.6274     310.79   -2388.13
       462     -810.1919    -1395.6821      585.4902     281.40   -3329.51
       463     -825.1802    -1475.9600      650.7798     312.78   -3634.80
       464     -707.4763    -1341.4313      633.9549     304.70   -3138.62
       465     -664.6720    -1305.9222      641.2502     308.20   -2740.57
       466     -839.7404    -1438.6913      598.9509     287.87   -2722.86
       467     -768.5309    -1338.6036      570.0727     273.99   -2919.82
       468     -826.5849    -1449.4053      622.8205     299.35   -2536.76
       469     -746.9311    -1388.3724      641.4413     308.30   -2308.50
       470     -746.9956    -1356.9886      609.9930     293.18   -3162.97
       471     -843.0512    -1457.4597      614.4085     295.30   -3833.08
       472     -927.1876    -1541.0238      613.8362     295.03   -4539.86
       473     -819.2986    -1438.4616      619.1631     297.59   -3709.70
       474     -739.4483    -1358.9050      619.4567     297.73   -2995.72
       475     -814.3043    -1435.4520      621.1478     298.54   -2142.47
       476     -902.5890    -1518.1472      615.5583     295.86   -2289.08
       477     -942.3167    -1536.7551      594.4383     285.70   -3504.68
       478     -870.3493    -1484.8621      614.5128     295.35   -2275.59
       479     -819.9103    -1406.2172      586.3069     281.80   -2341.64
       480     -832.3771    -1458.1671      625.7900     300.77   -2445.57
       481     -761.8943    -1358.5154      596.6210     286.75   -2403.07
       482     -816.2520    -1464.2631      648.0111     311.45   -2325.17
       483     -771.3925    -1405.4238      634.0312     304.73   -1978.29
       484     -843.9183    -1482.0526      638.1343     306.71   -2310.78
       485     -824.2143    -1441.8385      617.6242     296.85   -3855.26
       486     -804.5963    -1419.2480      614.6517     295.42   -2465.30
       487     -786.8647    -1406.9092      620.0445     298.01   -1953.30
       488     -737.5660    -1355.8785      618.3124     297.18   -2791.72
       489     -759.1670    -1380.4754      621.3084     298.62   -3930.99
       490     -728.2911    -1309.1849      580.8939     279.19   -2974.11
       491     -758.1332    -1404.9753      646.8421     310.89   -3676.78
       492     -845.1738    -1458.9117      613.7379     294.98   -4989.64
       493     -856.5282    -1511.5314      655.0032     314.81   -5232.67
       494     -849.8858    -1511.4339      661.5481     317.96   -4950.18
       495     -791.7810    -1456.4482      664.6672     319.46   -5385.59
       496     -892.2686    -1513.7155      621.4470     298.69   -4957.99
       497     -877.1174    -1526.8483      649.7308     312.28   -4908.25
       498     -921.9277    -1534.4766      612.5489     294.41   -4718.53
       499     -944.8702    -1573.8486      628.9784     302.31   -4609.68
       500     -841.4140    -1453.2334      611.8194     294.06   -4748.92

 Average Values for the Last   100 Out of      500 Dynamics Steps

 Simulation Time              0.5000 Picosecond
 Total Energy              -800.9338 Kcal/mole   (+/-  58.6527)
 Potential Energy         -1425.4154 Kcal/mole   (+/-  57.9820)
 Kinetic Energy             624.4816 Kcal/mole   (+/-  19.6273)
 Intermolecular           -2199.8291 Kcal/mole   (+/-  13.5581)
 Temperature                  300.14 Kelvin      (+/-     9.43)
 Pressure                   -3649.51 Atmosphere  (+/-  1046.70)
 Density                      0.7743 Grams/cc    (+/-   0.0018)

 Instantaneous Values for Frame Saved at       500 Dynamics Steps

 Current Time                 0.5000 Picosecond
 Current Potential        -1453.2334 Kcal/mole
 Current Kinetic            611.8194 Kcal/mole
 Lattice Lengths           20.774373     20.774373     20.774373
 Lattice Angles            90.000000     90.000000     90.000000
 Frame Number                      5
 Coordinate File            water.005

    MD Step      E Total   E Potential     E Kinetic       Temp       Pres

       501     -819.5128    -1419.6914      600.1786     288.46   -3847.54
       502     -766.0585    -1401.1508      635.0923     305.24   -4957.67
       503     -776.6050    -1405.0967      628.4916     302.07   -5547.41
       504     -849.0724    -1479.8174      630.7450     303.15   -4907.49
       505     -757.3612    -1383.5074      626.1462     300.94   -5553.09
       506     -713.4643    -1351.4207      637.9564     306.62   -5027.26
       507     -681.6932    -1308.4531      626.7598     301.24   -5921.92
       508     -781.5510    -1371.1296      589.5786     283.37   -5599.48
       509     -908.8204    -1530.3317      621.5112     298.72   -3822.65
       510     -938.4440    -1595.1110      656.6670     315.61   -2434.66
       511     -862.6736    -1482.2907      619.6171     297.81   -4112.09
       512     -962.4833    -1596.2559      633.7726     304.61   -2410.60
       513     -893.7015    -1544.0939      650.3924     312.60   -3551.73
       514     -776.5715    -1379.9890      603.4174     290.02   -5326.85
       515     -762.0864    -1387.1867      625.1003     300.44   -5353.70
       516     -700.2383    -1324.9208      624.6825     300.24   -5339.00
       517     -760.9336    -1371.7493      610.8157     293.58   -4393.46
       518     -886.1782    -1514.7917      628.6135     302.13   -2793.26
       519     -735.7344    -1370.9248      635.1904     305.29   -4244.96
       520     -851.1614    -1491.8738      640.7124     307.95   -2678.94
       521     -846.8983    -1473.7905      626.8922     301.30   -2561.40
       522     -813.5983    -1432.9214      619.3230     297.67   -3067.31
       523     -822.5733    -1400.7071      578.1338     277.87   -4140.22
       524     -882.9424    -1495.9875      613.0451     294.65   -4252.00
       525     -764.6570    -1373.1882      608.5312     292.48   -3941.73
       526     -752.1832    -1356.0420      603.8588     290.23   -3320.38
       527     -674.9015    -1315.9965      641.0951     308.13   -4090.35
       528     -729.2850    -1350.5198      621.2348     298.58   -3119.29
       529     -807.8493    -1416.8356      608.9863     292.70   -2722.52
       530     -910.5070    -1538.5286      628.0215     301.85   -2632.43
       531     -965.6324    -1573.8499      608.2175     292.33   -3548.49
       532     -876.9217    -1509.4831      632.5613     304.03   -2590.41
       533     -934.9841    -1563.1909      628.2068     301.94   -3514.38
       534     -832.8377    -1467.9269      635.0892     305.24   -4831.02
       535     -825.1805    -1446.3030      621.1226     298.53   -5384.97
       536     -882.1951    -1491.0685      608.8735     292.64   -4868.00
       537     -805.3167    -1422.1634      616.8467     296.48   -5436.04
       538     -786.0443    -1410.2661      624.2218     300.02   -5032.76
       539     -880.5636    -1498.9929      618.4293     297.24   -3686.01
       540     -783.8612    -1400.3040      616.4428     296.28   -5071.68
       541     -766.7888    -1378.2252      611.4363     293.87   -5546.57
       542     -901.2511    -1502.2973      601.0462     288.88   -4670.75
       543     -942.5063    -1595.1318      652.6255     313.67   -3260.92
       544     -918.5454    -1580.1913      661.6459     318.01   -2640.32
       545     -929.4439    -1534.3569      604.9130     290.74   -3854.93
       546    -1011.4629    -1609.3235      597.8606     287.35   -2724.70
       547     -941.7606    -1592.1809      650.4203     312.61   -3259.14
       548     -841.2966    -1444.5014      603.2048     289.92   -4879.68
       549     -882.3108    -1514.1730      631.8622     303.69   -3507.26
       550     -855.7151    -1479.7039      623.9888     299.91   -4504.32
       551     -811.2427    -1418.9442      607.7015     292.08   -5228.91
       552     -795.2937    -1409.4090      614.1153     295.16   -4739.20
       553     -822.9208    -1444.4315      621.5107     298.72   -3814.47
       554     -727.6815    -1364.5995      636.9180     306.12   -4841.15
       555     -826.0237    -1435.8269      609.8031     293.09   -3745.71
       556     -872.3503    -1474.9407      602.5904     289.62   -3082.76
       557     -807.9770    -1397.8698      589.8928     283.52   -4029.78
       558     -890.1199    -1480.7995      590.6797     283.90   -3002.08
       559     -858.9359    -1463.3212      604.3853     290.49   -3570.43
       560     -892.7538    -1500.4503      607.6965     292.08   -2728.70
       561     -865.6604    -1506.5845      640.9242     308.05   -3128.54
       562     -765.4707    -1444.4975      679.0269     326.36   -4014.06
       563     -809.2552    -1406.3815      597.1263     287.00   -3598.93
       564     -781.6111    -1410.1771      628.5660     302.11   -2915.58
       565     -666.7806    -1331.6663      664.8857     319.56   -3635.11
       566     -718.3549    -1361.6479      643.2930     309.19   -4435.42
       567     -884.9294    -1491.3588      606.4294     291.47   -4676.60
       568     -935.3234    -1578.0424      642.7190     308.91   -4239.40
       569     -787.1062    -1451.0674      663.9612     319.12   -4458.47
       570     -697.1936    -1336.6146      639.4210     307.32   -4464.90
       571     -778.7803    -1366.5936      587.8133     282.52   -5327.02
       572     -794.6311    -1406.2569      611.6257     293.97   -4131.65
       573     -826.8793    -1471.7751      644.8957     309.96   -2898.38
       574     -713.7624    -1357.2884      643.5260     309.30   -4227.07
       575     -723.1907    -1347.1022      623.9114     299.87   -5056.16
       576     -867.9675    -1489.2708      621.3033     298.62   -4659.81
       577     -958.1769    -1584.5927      626.4158     301.07   -3969.89
       578     -871.4065    -1469.8019      598.3954     287.61   -4785.38
       579     -985.6694    -1584.0196      598.3503     287.59   -3975.73
       580     -933.1588    -1542.6160      609.4572     292.92   -4225.13
       581     -936.2989    -1593.4205      657.1216     315.83   -3492.33
       582     -833.2600    -1474.3423      641.0823     308.12   -3785.81
       583     -858.7225    -1506.1401      647.4175     311.17   -4002.96
       584     -852.9777    -1450.8793      597.9016     287.37   -4662.23
       585     -820.5862    -1454.3840      633.7979     304.62   -4203.51
       586     -841.8108    -1460.6464      618.8357     297.43   -4408.70
       587     -811.6892    -1441.7072      630.0180     302.81   -4293.27
       588     -879.8720    -1505.6457      625.7737     300.77   -3580.34
       589     -903.8529    -1546.4556      642.6026     308.85   -2883.22
       590     -923.2803    -1536.6107      613.3305     294.79   -2923.72
       591     -838.9382    -1506.6935      667.7553     320.94   -2920.75
       592     -919.3179    -1523.4141      604.0962     290.35   -2953.29
       593     -979.2385    -1570.0742      590.8357     283.97   -2958.40
       594     -925.5808    -1577.9030      652.3222     313.53   -2371.31
       595     -941.9758    -1571.4713      629.4954     302.55   -2727.52
       596     -792.8851    -1441.6681      648.7830     311.82   -3703.24
       597     -807.1769    -1425.8446      618.6677     297.35   -4424.73
       598     -892.2775    -1489.7546      597.4770     287.17   -4437.78
       599     -826.5753    -1413.4865      586.9111     282.09   -4524.93
       600     -802.0338    -1429.8372      627.8035     301.74   -3727.26

 Average Values for the Last   100 Out of      600 Dynamics Steps

 Simulation Time              0.6000 Picosecond
 Total Energy              -838.1332 Kcal/mole   (+/-  76.5829)
 Potential Energy         -1461.2626 Kcal/mole   (+/-  76.8975)
 Kinetic Energy             623.1295 Kcal/mole   (+/-  20.2920)
 Intermolecular           -2225.2559 Kcal/mole   (+/-  14.3850)
 Temperature                  299.49 Kelvin      (+/-     9.75)
 Pressure                   -3990.75 Atmosphere  (+/-   903.92)
 Density                      0.7811 Grams/cc    (+/-   0.0021)

 Instantaneous Values for Frame Saved at       600 Dynamics Steps

 Current Time                 0.6000 Picosecond
 Current Potential        -1429.8372 Kcal/mole
 Current Kinetic            627.8035 Kcal/mole
 Lattice Lengths           20.710890     20.710890     20.710890
 Lattice Angles            90.000000     90.000000     90.000000
 Frame Number                      6
 Coordinate File            water.006

    MD Step      E Total   E Potential     E Kinetic       Temp       Pres

       601     -918.7178    -1540.8134      622.0956     299.00   -2756.11
       602     -928.9394    -1577.4802      648.5409     311.71   -2370.73
       603     -845.5591    -1486.4089      640.8498     308.01   -2895.55
       604     -921.0185    -1573.3966      652.3780     313.55   -2307.33
       605     -889.0869    -1483.0079      593.9210     285.46   -3428.86
       606     -942.6099    -1513.6607      571.0507     274.46   -2902.84
       607     -897.1306    -1513.5068      616.3762     296.25   -2736.09
       608     -773.6419    -1433.6746      660.0327     317.23   -2749.10
       609     -751.9796    -1384.8475      632.8679     304.18   -3533.67
       610     -836.0731    -1467.1818      631.1087     303.33   -3930.44
       611     -920.4764    -1556.8326      636.3562     305.85   -4198.53
       612     -838.2708    -1446.7447      608.4739     292.45   -3986.32
       613     -960.0908    -1558.5567      598.4660     287.64   -4331.79
       614     -896.9409    -1525.7713      628.8304     302.23   -3398.25
       615     -910.2462    -1563.0673      652.8211     313.77   -3972.81
       616     -916.5105    -1554.6500      638.1396     306.71   -3092.97
       617     -852.1428    -1437.1464      585.0036     281.17   -3277.80
       618     -872.2879    -1484.1492      611.8613     294.08   -3634.88
       619     -877.7871    -1505.4455      627.6584     301.67   -4207.49
       620     -808.0616    -1428.1990      620.1374     298.06   -3673.80
       621     -779.0916    -1407.5720      628.4805     302.07   -3085.58
       622     -746.2795    -1359.7252      613.4456     294.84   -4071.91
       623     -805.3336    -1419.2458      613.9121     295.06   -4561.26
       624     -719.9033    -1329.8718      609.9685     293.17   -4053.22
       625     -831.9823    -1419.2499      587.2676     282.26   -4665.63
       626     -884.2033    -1512.4665      628.2632     301.96   -4548.39
       627     -766.5783    -1376.9932      610.4149     293.38   -4575.57
       628     -753.4442    -1373.1382      619.6940     297.84   -3722.40
       629     -932.5068    -1523.1786      590.6718     283.89   -2613.25
       630     -958.4799    -1615.8884      657.4086     315.97   -1937.21
       631     -827.4445    -1468.3599      640.9154     308.04   -2560.72
       632     -982.0886    -1599.1394      617.0508     296.57   -2214.89
       633     -906.1079    -1532.7648      626.6569     301.19   -3114.68
       634     -876.8527    -1499.5294      622.6767     299.28   -4119.48
       635     -877.6332    -1507.9508      630.3175     302.95   -4575.49
       636     -777.3965    -1449.2754      671.8789     322.93   -3949.17
       637     -776.7427    -1395.8426      619.0998     297.56   -3644.94
       638     -861.6416    -1472.7104      611.0688     293.70   -2688.12
       639     -746.0810    -1382.5701      636.4891     305.92   -3607.63
       640     -826.4026    -1457.6779      631.2753     303.41   -2536.95
       641     -856.6163    -1477.7764      621.1601     298.55   -2508.96
       642     -902.3366    -1538.2437      635.9071     305.64   -2806.20
       643     -791.6888    -1442.6415      650.9527     312.87   -2411.76
       644     -909.1397    -1524.3102      615.1705     295.67   -2996.73
       645     -849.7043    -1495.6189      645.9146     310.45   -3897.64
       646     -912.1411    -1511.3945      599.2534     288.02   -4822.08
       647     -833.3388    -1478.0375      644.6987     309.86   -3807.45
       648     -865.2965    -1503.8679      638.5714     306.92   -4607.56
       649     -885.2987    -1519.5923      634.2936     304.86   -3514.50
       650     -828.6062    -1454.3472      625.7410     300.75   -2984.85
       651     -868.6147    -1486.5401      617.9254     296.99   -2359.35
       652     -905.8778    -1541.4782      635.6005     305.49   -2212.94
       653     -952.1759    -1557.2501      605.0742     290.82   -3081.59
       654     -882.3515    -1511.9634      629.6119     302.61   -2254.96
       655     -845.6318    -1440.4873      594.8556     285.91   -2579.30
       656     -880.1813    -1496.5561      616.3748     296.25   -2738.26
       657     -807.5003    -1403.8927      596.3924     286.64   -2643.45
       658     -765.2046    -1414.9624      649.7577     312.29   -2494.85
       659     -694.9295    -1322.3718      627.4422     301.57   -2784.98
       660     -736.9324    -1375.7206      638.7882     307.02   -3033.17
       661     -633.4572    -1282.6603      649.2031     312.03   -2747.93
       662     -719.3391    -1367.7792      648.4402     311.66   -3029.43
       663     -718.3954    -1355.9315      637.5361     306.42   -2439.01
       664     -810.3733    -1409.2134      598.8400     287.82   -2647.23
       665     -945.3565    -1556.4277      611.0712     293.70   -2844.48
       666     -799.3989    -1414.2072      614.8082     295.50   -2442.34
       667     -758.3075    -1376.8192      618.5117     297.28   -2355.77
       668     -708.1956    -1343.5992      635.4036     305.39   -2668.95
       669     -766.0343    -1384.7926      618.7583     297.39   -2272.17
       670     -796.0359    -1405.7163      609.6804     293.03   -2494.23
       671     -822.3357    -1436.1425      613.8068     295.01   -2036.15
       672     -839.5800    -1452.0235      612.4435     294.36   -2255.12
       673     -855.7531    -1477.7805      622.0273     298.96   -1781.22
       674     -851.9923    -1471.3062      619.3139     297.66   -2505.02
       675     -909.7813    -1531.6624      621.8811     298.89   -3498.64
       676     -941.3888    -1566.7307      625.3419     300.56   -4480.07
       677     -881.4504    -1491.1739      609.7234     293.05   -3532.30
       678     -970.4768    -1572.4574      601.9806     289.33   -4529.89
       679     -916.9608    -1530.2970      613.3362     294.79   -5174.36
       680     -852.5582    -1494.6394      642.0812     308.60   -4531.23
       681     -823.1502    -1439.8768      616.7265     296.42   -3765.52
       682     -804.7563    -1432.4648      627.7085     301.70   -5019.86
       683     -818.3320    -1458.9051      640.5730     307.88   -3372.40
       684     -806.7957    -1456.3313      649.5356     312.19   -2223.26
       685     -755.7208    -1393.9673      638.2465     306.76   -3815.66
       686     -805.1402    -1466.9263      661.7862     318.07   -1988.70
       687     -866.6281    -1465.0907      598.4627     287.64   -1940.54
       688     -812.2548    -1440.8469      628.5922     302.12   -2299.57
       689     -820.4058    -1469.5968      649.1910     312.02   -1618.89
       690     -848.1098    -1472.7282      624.6183     300.21   -2168.05
       691     -848.1520    -1515.6317      667.4797     320.81   -1306.56
       692     -816.2203    -1457.0501      640.8298     308.00   -2316.20
       693     -817.8665    -1448.9805      631.1139     303.33   -1683.01
       694     -857.3885    -1485.4138      628.0253     301.85   -2255.29
       695     -882.3440    -1497.3879      615.0439     295.61   -1532.93
       696     -921.4925    -1529.0864      607.5940     292.03   -2150.98
       697     -842.9795    -1490.6969      647.7174     311.31   -3349.09
       698     -823.9014    -1435.5503      611.6489     293.98   -2275.68
       699     -900.4112    -1512.3648      611.9536     294.12   -3421.57
       700     -854.8348    -1512.8380      658.0033     316.26   -4420.49

 Average Values for the Last   100 Out of      700 Dynamics Steps

 Simulation Time              0.7000 Picosecond
 Total Energy              -843.9139 Kcal/mole   (+/-  67.8712)
 Potential Energy         -1469.3784 Kcal/mole   (+/-  65.5920)
 Kinetic Energy             625.4645 Kcal/mole   (+/-  19.0594)
 Intermolecular           -2260.7863 Kcal/mole   (+/-   8.0633)
 Temperature                  300.62 Kelvin      (+/-     9.16)
 Pressure                   -3119.62 Atmosphere  (+/-   894.76)
 Density                      0.7876 Grams/cc    (+/-   0.0016)

 Instantaneous Values for Frame Saved at       700 Dynamics Steps

 Current Time                 0.7000 Picosecond
 Current Potential        -1512.8380 Kcal/mole
 Current Kinetic            658.0033 Kcal/mole
 Lattice Lengths           20.661397     20.661397     20.661397
 Lattice Angles            90.000000     90.000000     90.000000
 Frame Number                      7
 Coordinate File            water.007

    MD Step      E Total   E Potential     E Kinetic       Temp       Pres

       701     -817.5481    -1428.9255      611.3774     293.85   -3540.05
       702     -928.3127    -1529.9236      601.6110     289.15   -4567.31
       703     -901.7431    -1506.9750      605.2319     290.89   -3106.36
       704     -876.6428    -1552.3391      675.6963     324.76   -3996.33
       705     -866.7569    -1472.9542      606.1973     291.36   -5495.40
       706     -914.6991    -1502.6070      587.9079     282.57   -4490.55
       707     -870.1606    -1520.2613      650.1007     312.46   -4837.18
       708     -861.7850    -1475.6525      613.8675     295.04   -5085.74
       709     -884.6522    -1507.2744      622.6222     299.25   -3927.61
       710     -939.1414    -1562.7977      623.6563     299.75   -2490.17
       711     -957.4327    -1582.4275      624.9948     300.39   -1715.45
       712     -953.3872    -1569.4292      616.0420     296.09   -1995.76
       713     -930.1680    -1558.2553      628.0872     301.88   -2920.90
       714     -943.3928    -1562.6826      619.2897     297.65   -4180.58
       715     -843.8715    -1516.5922      672.7207     323.33   -2672.51
       716     -922.7071    -1543.0573      620.3502     298.16   -4304.74
       717     -926.2418    -1577.9623      651.7205     313.24   -2424.15
       718     -880.5331    -1497.6491      617.1160     296.60   -2105.35
       719     -870.7023    -1510.2333      639.5310     307.38   -2926.38
       720     -867.8312    -1515.5579      647.7267     311.32   -1795.29
       721     -893.6288    -1537.6027      643.9740     309.51   -2758.83
       722     -832.4791    -1475.5744      643.0953     309.09   -4301.25
       723     -817.7924    -1456.9748      639.1824     307.21   -2875.62
       724     -829.5227    -1454.0065      624.4839     300.15   -2109.67
       725     -785.3236    -1406.4655      621.1419     298.54   -3281.67
       726     -791.2891    -1447.4803      656.1912     315.39   -4153.02
       727     -929.2926    -1562.5652      633.2726     304.37   -4764.59
       728     -817.8750    -1455.1585      637.2835     306.30   -4037.22
       729     -914.8004    -1552.3155      637.5151     306.41   -4765.75
       730     -914.4328    -1522.8490      608.4163     292.42   -3733.80
       731     -951.9305    -1587.5130      635.5825     305.48   -4466.03
       732     -899.6880    -1527.6733      627.9853     301.83   -5214.31
       733     -874.9124    -1523.5086      648.5962     311.73   -4688.35
       734     -951.1948    -1544.2181      593.0233     285.02   -3864.37
       735     -934.3732    -1584.8478      650.4746     312.64   -2432.65
       736     -829.6424    -1477.7103      648.0678     311.48   -3985.19
       737     -932.5973    -1572.6679      640.0706     307.64   -2389.99
       738     -887.5258    -1536.7814      649.2556     312.05   -2170.73
       739     -879.1120    -1495.4329      616.3210     296.22   -2906.64
       740     -835.4664    -1471.7376      636.2712     305.81   -3795.95
       741     -792.9522    -1418.0932      625.1410     300.46   -3004.63
       742     -843.3554    -1454.6913      611.3359     293.83   -2583.85
       743     -951.8175    -1593.0179      641.2004     308.18   -2332.59
       744     -836.3679    -1444.6974      608.3295     292.38   -2579.29
       745     -973.6402    -1586.0802      612.4400     294.36   -2531.33
       746     -922.8380    -1530.1315      607.2936     291.88   -2182.85
       747     -982.9347    -1600.7056      617.7708     296.92   -2430.86
       748     -924.9698    -1554.9222      629.9524     302.77   -3680.77
       749     -888.3875    -1520.8940      632.5065     304.00   -2475.28
       750     -841.4407    -1477.0989      635.6582     305.52   -2152.19
       751     -900.1267    -1533.2405      633.1138     304.29   -2343.95
       752     -949.2706    -1584.3169      635.0463     305.22   -3239.38
       753     -876.0959    -1498.6213      622.5254     299.20   -2395.89
       754     -967.0006    -1586.7934      619.7928     297.89   -3331.32
       755     -935.4670    -1550.2677      614.8007     295.49   -4739.36
       756     -908.3745    -1517.5929      609.2184     292.81   -3437.20
       757     -855.0195    -1492.1080      637.0885     306.20   -2334.34
       758     -782.9543    -1436.5563      653.6020     314.14   -3739.00
       759     -857.3602    -1489.5324      632.1722     303.84   -2237.23
       760     -856.6264    -1499.7079      643.0815     309.08   -1859.71
       761     -952.6684    -1563.9239      611.2555     293.79   -2476.11
       762     -854.3894    -1491.8731      637.4838     306.39   -1852.65
       763     -810.8912    -1450.6141      639.7230     307.47   -2305.47
       764     -904.5807    -1526.3221      621.7415     298.83   -3224.39
       765    -1007.9218    -1596.2008      588.2790     282.74   -4427.62
       766     -990.2794    -1628.3218      638.0424     306.66   -4828.34
       767     -903.0437    -1530.0800      627.0363     301.37   -4330.50
       768     -801.4250    -1436.0267      634.6017     305.01   -3475.14
       769     -851.2302    -1502.0787      650.8484     312.82   -1984.78
       770     -780.4897    -1405.8068      625.3172     300.55   -3725.56
       771     -938.6823    -1510.2308      571.5485     274.70   -2251.12
       772     -892.3808    -1512.7148      620.3341     298.15   -3114.35
       773     -915.9290    -1514.5613      598.6323     287.72   -4558.20
       774     -982.3353    -1583.0075      600.6722     288.70   -5149.94
       775     -844.9633    -1492.1185      647.1552     311.04   -4200.28
       776     -909.7274    -1555.3469      645.6195     310.30   -5056.35
       777     -904.6970    -1545.2177      640.5207     307.85   -3814.71
       778     -972.2742    -1585.7361      613.4619     294.85   -4941.05
       779    -1023.1753    -1603.8169      580.6416     279.07   -3700.22
       780     -886.1618    -1541.3786      655.2168     314.92   -2448.83
       781     -923.6156    -1541.6574      618.0418     297.05   -1840.62
       782     -946.4753    -1554.1412      607.6658     292.06   -2000.85
       783     -970.0855    -1589.2977      619.2122     297.61   -2792.13
       784     -883.6321    -1511.4081      627.7760     301.73   -1944.28
       785     -975.9277    -1582.9690      607.0413     291.76   -2932.24
       786     -953.5897    -1551.4042      597.8145     287.33   -4420.89
       787     -936.2707    -1584.3836      648.1129     311.50   -4910.16
       788     -990.9347    -1596.5130      605.5783     291.06   -5145.76
       789     -972.2385    -1560.6424      588.4039     282.80   -5197.31
       790     -914.5048    -1519.6581      605.1533     290.85   -4382.07
       791     -856.8329    -1481.6765      624.8436     300.32   -5488.54
       792     -874.1310    -1491.3686      617.2376     296.66   -5591.59
       793     -789.9015    -1435.5307      645.6293     310.31   -5466.07
       794     -837.8773    -1457.2162      619.3389     297.67   -4504.56
       795     -803.1875    -1403.8255      600.6380     288.68   -5833.71
       796     -833.0682    -1476.4936      643.4254     309.25   -5344.66
       797     -680.5614    -1354.5066      673.9452     323.92   -5550.43
       798     -850.0290    -1447.0763      597.0473     286.96   -5619.04
       799     -893.1091    -1530.8458      637.7367     306.52   -4414.70
       800    -1015.4809    -1635.5501      620.0692     298.02   -3011.14

 Average Values for the Last   100 Out of      800 Dynamics Steps

 Simulation Time              0.8000 Picosecond
 Total Energy              -893.3629 Kcal/mole   (+/-  61.4729)
 Potential Energy         -1519.3725 Kcal/mole   (+/-  55.1753)
 Kinetic Energy             626.0096 Kcal/mole   (+/-  19.9693)
 Intermolecular           -2290.4182 Kcal/mole   (+/-  15.3367)
 Temperature                  300.88 Kelvin      (+/-     9.60)
 Pressure                   -3551.41 Atmosphere  (+/-  1163.23)
 Density                      0.7934 Grams/cc    (+/-   0.0018)

 Instantaneous Values for Frame Saved at       800 Dynamics Steps

 Current Time                 0.8000 Picosecond
 Current Potential        -1635.5501 Kcal/mole
 Current Kinetic            620.0692 Kcal/mole
 Lattice Lengths           20.605200     20.605200     20.605200
 Lattice Angles            90.000000     90.000000     90.000000
 Frame Number                      8
 Coordinate File            water.008

    MD Step      E Total   E Potential     E Kinetic       Temp       Pres

       801     -916.3001    -1530.5008      614.2007     295.20   -4498.59
       802     -823.9699    -1454.8546      630.8847     303.22   -5235.81
       803     -794.8389    -1437.8885      643.0495     309.07   -4626.76
       804     -831.8180    -1477.2474      645.4294     310.21   -3554.02
       805     -773.3354    -1395.5308      622.1953     299.05   -4959.03
       806     -861.3307    -1489.1006      627.7699     301.73   -3421.85
       807     -864.8261    -1466.8413      602.0152     289.35   -4574.69
       808     -879.7758    -1491.6242      611.8484     294.07   -4902.60
       809     -987.7246    -1606.4817      618.7572     297.39   -4222.06
       810     -869.3570    -1485.5426      616.1856     296.16   -4779.14
       811     -788.6349    -1438.4407      649.8058     312.32   -4280.72
       812     -764.9081    -1392.8808      627.9727     301.82   -5215.58
       813     -849.4764    -1454.5255      605.0491     290.80   -5033.81
       814     -765.0122    -1376.8654      611.8532     294.07   -5238.74
       815     -787.5515    -1454.2727      666.7211     320.45   -4577.12
       816     -888.9799    -1516.5132      627.5333     301.61   -4044.30
       817     -988.8774    -1590.8358      601.9584     289.32   -3176.40
       818    -1007.9062    -1630.9157      623.0095     299.44   -2411.76
       819     -924.0408    -1542.8395      618.7986     297.41   -3329.69
       820    -1040.1570    -1626.3287      586.1717     281.73   -2529.82
       821     -999.6894    -1619.3105      619.6210     297.81   -2863.73
       822    -1006.8631    -1637.5944      630.7314     303.15   -2162.15
       823    -1047.0868    -1646.6430      599.5562     288.16   -2795.93
       824    -1048.0195    -1681.5828      633.5633     304.51   -1880.31
       825    -1048.5416    -1669.5239      620.9823     298.46   -2539.90
       826    -1084.0516    -1707.1545      623.1029     299.48   -1757.08
       827     -922.7900    -1550.7894      627.9994     301.84   -2530.10
       828     -855.2597    -1484.6413      629.3816     302.50   -3396.36
       829     -913.9097    -1529.8624      615.9527     296.05   -4014.88
       830     -858.5837    -1461.4886      602.9049     289.77   -3489.46
       831     -922.8129    -1540.6611      617.8482     296.96   -3904.65
       832     -923.2485    -1562.6680      639.4195     307.32   -4266.22
       833     -849.9387    -1479.2740      629.3353     302.48   -3974.98
       834     -837.1083    -1451.6026      614.4943     295.34   -3410.39
       835     -912.6199    -1564.3359      651.7159     313.23   -2170.21
       836     -999.0560    -1629.0883      630.0324     302.81   -2096.13
       837     -944.7504    -1607.9471      663.1967     318.75   -2655.83
       838     -904.4423    -1549.5639      645.1216     310.06   -3854.40
       839     -895.8095    -1545.7058      649.8963     312.36   -2837.54
       840     -954.2153    -1570.3145      616.0991     296.12   -3842.78
       841     -968.6140    -1601.9572      633.3432     304.40   -2561.94
       842    -1010.7095    -1604.6169      593.9074     285.45   -3709.93
       843    -1007.7017    -1650.7679      643.0662     309.08   -2190.86
       844     -917.6305    -1546.1938      628.5632     302.11   -2236.57
       845     -942.1121    -1566.4978      624.3857     300.10   -2780.69
       846     -874.3670    -1525.1842      650.8172     312.80   -3649.56
       847     -853.5427    -1478.9947      625.4520     300.61   -2985.94
       848     -909.0462    -1545.9885      636.9422     306.13   -3572.65
       849     -909.2592    -1532.2646      623.0055     299.44   -2654.49
       850     -888.9664    -1491.8960      602.9296     289.79   -2470.44
       851     -881.5198    -1470.2408      588.7210     282.96   -3169.03
       852     -896.5503    -1519.4909      622.9406     299.40   -3563.24
       853     -826.1789    -1416.0260      589.8471     283.50   -3245.25
       854     -834.4375    -1458.9364      624.4989     300.15   -2395.78
       855     -986.8141    -1614.2361      627.4221     301.56   -1913.51
       856     -891.3297    -1472.3850      581.0553     279.27   -2526.34
       857     -851.6072    -1444.5861      592.9789     285.00   -3013.94
       858     -951.8401    -1595.2951      643.4549     309.26   -2940.39
       859    -1024.6358    -1662.6149      637.9791     306.63   -3528.22
       860     -984.3649    -1615.8213      631.4564     303.50   -4201.47
       861     -958.9191    -1597.2666      638.3475     306.81   -3716.11
       862     -907.5358    -1501.3547      593.8189     285.41   -3589.34
       863     -931.8368    -1535.1735      603.3368     289.98   -2496.10
       864    -1027.5481    -1617.2725      589.7243     283.44   -1820.66
       865     -914.9960    -1526.4105      611.4146     293.86   -2493.08
       866     -932.0094    -1601.8283      669.8189     321.94   -1409.56
       867     -927.0635    -1538.1088      611.0453     293.69   -2438.91
       868     -927.3494    -1550.9357      623.5864     299.71   -1814.11
       869     -921.2086    -1526.6489      605.4403     290.99   -2365.73
       870     -851.2333    -1495.0858      643.8525     309.45   -1887.03
       871     -900.7667    -1522.0518      621.2851     298.61   -2313.64
       872     -880.9313    -1513.0599      632.1285     303.82   -3215.06
       873     -826.9325    -1453.3845      626.4519     301.09   -2417.97
       874     -854.5974    -1521.0482      666.4508     320.32   -2999.81
       875     -854.0059    -1492.1226      638.1167     306.70   -2098.57
       876     -926.9198    -1557.6760      630.7561     303.16   -2971.69
       877     -907.3337    -1533.3574      626.0237     300.89   -4154.17
       878     -848.4142    -1491.4990      643.0847     309.09   -2996.04
       879     -914.7199    -1535.2681      620.5482     298.25   -4148.63
       880     -929.9576    -1551.6425      621.6849     298.80   -2719.56
       881     -918.3509    -1519.3544      601.0035     288.86   -2097.60
       882     -975.0935    -1578.3236      603.2301     289.93   -1611.45
       883     -877.4091    -1493.8638      616.4546     296.29   -2141.97
       884     -925.9170    -1569.0247      643.1077     309.10   -1407.91
       885     -911.2780    -1545.9809      634.7029     305.06   -2229.63
       886     -865.4736    -1505.9594      640.4858     307.84   -1601.74
       887     -951.6460    -1554.0355      602.3896     289.53   -2372.64
       888     -959.6827    -1575.3098      615.6270     295.89   -1418.80
       889     -906.2381    -1536.3978      630.1597     302.87   -1755.25
       890     -909.1611    -1563.9107      654.7497     314.69   -2506.39
       891     -842.7467    -1484.0272      641.2806     308.22   -1784.42
       892     -902.3412    -1568.6540      666.3129     320.25   -2455.80
       893     -909.3064    -1535.1935      625.8871     300.82   -1592.32
       894     -864.2374    -1470.2898      606.0524     291.29   -1799.63
       895     -900.6859    -1554.6428      653.9569     314.31   -1912.66
       896    -1026.6662    -1619.2804      592.6143     284.83   -3293.93
       897     -946.1868    -1559.5996      613.4129     294.82   -1983.59
       898     -855.6438    -1501.3702      645.7265     310.36   -1393.71
       899     -924.8311    -1542.7858      617.9547     297.01   -1629.25
       900     -857.2481    -1484.2519      627.0038     301.36   -1539.42

 Average Values for the Last   100 Out of      900 Dynamics Steps

 Simulation Time              0.9000 Picosecond
 Total Energy              -911.2327 Kcal/mole   (+/-  67.1324)
 Potential Energy         -1535.8723 Kcal/mole   (+/-  65.9880)
 Kinetic Energy             624.6396 Kcal/mole   (+/-  19.2477)
 Intermolecular           -2312.7376 Kcal/mole   (+/-   9.3124)
 Temperature                  300.22 Kelvin      (+/-     9.25)
 Pressure                   -2969.60 Atmosphere  (+/-  1021.46)
 Density                      0.7998 Grams/cc    (+/-   0.0015)

 Instantaneous Values for Frame Saved at       900 Dynamics Steps

 Current Time                 0.9000 Picosecond
 Current Potential        -1484.2519 Kcal/mole
 Current Kinetic            627.0038 Kcal/mole
 Lattice Lengths           20.558324     20.558324     20.558324
 Lattice Angles            90.000000     90.000000     90.000000
 Frame Number                      9
 Coordinate File            water.009

    MD Step      E Total   E Potential     E Kinetic       Temp       Pres

       901     -911.2253    -1546.3223      635.0970     305.25   -1545.55
       902     -932.7131    -1535.7857      603.0726     289.85   -1424.13
       903     -974.0055    -1591.3624      617.3569     296.72   -1438.98
       904     -911.8189    -1555.6014      643.7825     309.42   -2558.42
       905     -913.4847    -1506.0267      592.5421     284.79   -1737.38
       906     -845.3336    -1493.6333      648.2997     311.59   -1244.83
       907     -785.8828    -1411.9202      626.0374     300.89   -2036.40
       908     -885.3298    -1501.6625      616.3327     296.23   -1353.63
       909     -858.8645    -1489.2493      630.3848     302.98   -1655.28
       910     -910.1207    -1526.0891      615.9684     296.05   -1233.48
       911     -898.2390    -1544.4752      646.2362     310.60   -1328.24
       912     -983.8266    -1551.1111      567.2845     272.65   -1372.36
       913     -974.8705    -1617.3738      642.5033     308.81   -1017.57
       914     -943.2888    -1565.3615      622.0727     298.99   -2569.83
       915     -942.5893    -1551.9846      609.3953     292.89   -4152.05
       916     -912.9052    -1518.2003      605.2951     290.92   -2630.59
       917     -915.5654    -1567.9838      652.4184     313.57   -3811.25
       918     -907.7904    -1544.1292      636.3388     305.84   -2215.96
       919     -857.6278    -1479.4320      621.8042     298.86   -1496.96
       920     -826.9496    -1468.9516      642.0020     308.57   -2723.49
       921     -881.8679    -1492.7300      610.8620     293.60   -4231.21
       922     -988.4733    -1594.5297      606.0564     291.29   -4720.18
       923    -1029.5239    -1656.3344      626.8105     301.26   -4330.78
       924     -975.7297    -1637.0674      661.3377     317.86   -3420.69
       925     -945.5111    -1564.3741      618.8630     297.44   -2741.17
       926     -977.0946    -1583.5342      606.4396     291.47   -4111.32
       927     -964.7889    -1601.5532      636.7643     306.05   -2345.97
       928     -962.0522    -1605.2011      643.1489     309.12   -3756.78
       929     -932.1280    -1510.0320      577.9040     277.76   -5399.42
       930     -937.9747    -1548.1655      610.1908     293.28   -3979.96
       931     -940.4921    -1534.5675      594.0754     285.53   -5065.43
       932     -941.5860    -1582.4731      640.8871     308.03   -3466.10
       933     -961.7156    -1560.6965      598.9810     287.89   -4789.69
       934     -989.1604    -1624.7082      635.5478     305.46   -3124.95
       935     -971.8669    -1597.4597      625.5928     300.68   -4332.80
       936     -891.4589    -1499.5679      608.1090     292.28   -5081.70
       937     -838.8212    -1514.7412      675.9200     324.87   -4376.41
       938     -849.2998    -1494.7291      645.4293     310.21   -4782.69
       939     -839.5371    -1464.6976      625.1606     300.47   -4407.74
       940     -810.1671    -1434.3955      624.2284     300.02   -5194.59
       941     -855.2974    -1483.2644      627.9670     301.82   -4118.63
       942     -916.0238    -1529.3959      613.3721     294.80   -2912.38
       943     -824.8569    -1451.9597      627.1028     301.40   -4302.69
       944     -887.6374    -1523.4918      635.8544     305.61   -2647.45
       945     -856.0292    -1508.4408      652.4116     313.57   -3768.91
       946     -863.9255    -1480.2907      616.3652     296.24   -4738.35
       947     -932.5472    -1562.3218      629.7746     302.69   -4169.57
       948     -991.2220    -1629.9183      638.6962     306.98   -3093.45
       949     -986.1934    -1622.8040      636.6107     305.97   -2260.59
       950     -986.0579    -1581.0692      595.0113     285.98   -2057.32
       951     -968.9470    -1579.1319      610.1850     293.27   -2659.88
       952     -966.0057    -1597.4625      631.4567     303.50   -1717.02
       953     -901.6680    -1538.6085      636.9405     306.13   -1944.05
       954     -899.9968    -1516.0624      616.0656     296.10   -2168.58
       955     -942.2403    -1565.3858      623.1455     299.50   -1862.59
       956     -952.0185    -1551.4776      599.4592     288.12   -2645.96
       957     -964.6990    -1605.7120      641.0130     308.09   -3036.82
       958     -887.2026    -1500.7942      613.5916     294.91   -2655.33
       959    -1009.9983    -1607.5912      597.5929     287.22   -3248.52
       960     -985.0853    -1605.8032      620.7179     298.34   -3840.25
       961     -936.3277    -1536.6001      600.2725     288.51   -3407.16
       962     -895.2190    -1505.7745      610.5555     293.45   -2646.41
       963     -962.3301    -1594.3195      631.9894     303.75   -1568.71
       964     -840.8465    -1481.3551      640.5086     307.85   -2620.30
       965     -801.9218    -1439.6484      637.7266     306.51   -3691.52
       966     -943.0355    -1553.9265      610.8910     293.61   -4036.08
       967    -1020.7270    -1653.9795      633.2525     304.36   -3677.66
       968     -923.0033    -1527.4174      604.4142     290.50   -4083.05
       969     -832.9397    -1462.8083      629.8686     302.73   -3520.02
       970     -851.1179    -1432.8322      581.7142     279.59   -4771.47
       971     -896.0022    -1504.9776      608.9754     292.69   -3284.55
       972    -1000.3840    -1578.9265      578.5426     278.06   -2289.91
       973     -872.0011    -1497.0448      625.0437     300.41   -3231.67
       974     -951.0904    -1554.7939      603.7035     290.16   -2138.29
       975     -927.4082    -1564.0429      636.6347     305.99   -1659.88
       976     -821.5832    -1481.3117      659.7285     317.09   -2216.13
       977     -912.3226    -1548.7850      636.4624     305.90   -1681.03
       978     -969.0251    -1550.5260      581.5010     279.49   -2267.77
       979     -942.2983    -1538.3769      596.0786     286.49   -2964.10
       980    -1010.4510    -1628.1281      617.6772     296.87   -3243.79
       981     -895.1454    -1515.4967      620.3513     298.16   -2805.06
       982     -949.6695    -1614.8517      665.1822     319.71   -3063.68
       983     -930.4232    -1559.6024      629.1793     302.40   -2454.20
       984    -1040.1126    -1642.6126      602.5000     289.58   -3187.98
       985     -977.7734    -1588.4118      610.6383     293.49   -3983.93
       986     -933.8327    -1560.6296      626.7969     301.26   -3307.16
       987     -914.7653    -1520.8532      606.0879     291.30   -2773.57
       988     -873.3703    -1501.4040      628.0338     301.85   -3662.78
       989     -929.8050    -1518.0707      588.2657     282.74   -4366.71
       990     -848.5078    -1475.6306      627.1228     301.41   -3643.01
       991     -884.9441    -1511.5691      626.6250     301.17   -4127.97
       992     -916.9844    -1522.5343      605.5499     291.05   -3399.05
       993     -897.1881    -1533.2547      636.0667     305.71   -2427.67
       994     -992.1396    -1608.9326      616.7930     296.45   -1644.18
       995     -879.6717    -1523.7648      644.0931     309.57   -2434.74
       996     -832.0819    -1466.5577      634.4758     304.95   -3496.48
       997     -937.7302    -1546.6049      608.8747     292.64   -3848.14
       998     -853.9236    -1465.1949      611.2713     293.80   -3492.67
       999     -872.8174    -1484.8367      612.0193     294.15   -2644.97
      1000     -773.0828    -1418.5246      645.4419     310.22   -3570.53