0 1.510001 1.444255 1.345989 1.510000 
1 1.510000 1.431989 1.404349 1.510000 
2 1.510000 1.521550 1.532078 1.510000 
3 1.509999 1.551528 1.635314 1.510000 
4 1.509999 1.499795 1.626163 1.509999 
5 1.510000 1.513540 1.697522 1.509999 
6 1.510000 1.612786 1.737191 1.510000 
7 1.509999 1.597816 1.761012 1.510000 
8 1.509999 1.581556 1.703091 1.510000 
9 1.510000 1.593919 1.688855 1.509999 
10 1.510000 1.606626 1.633619 1.510000 
11 1.509999 1.628483 1.532858 1.510000 
12 1.510000 1.581153 1.485354 1.510000 
13 1.510001 1.594957 1.441057 1.510000 
14 1.510000 1.547815 1.386739 1.509999 
15 1.509999 1.504872 1.338802 1.509999 
16 1.510000 1.497973 1.344046 1.510000 
17 1.510000 1.561174 1.371598 1.510000 
18 1.510000 1.593945 1.450570 1.510000 
19 1.509999 1.608338 1.483689 1.510001 
20 1.509999 1.595331 1.546987 1.510000 
21 1.510000 1.551402 1.574166 1.510001 
22 1.509999 1.524596 1.557883 1.510000 
23 1.510000 1.488649 1.559754 1.510000 
24 1.510000 1.411570 1.506149 1.510000 
25 1.510001 1.416659 1.477441 1.510000 
26 1.510000 1.367574 1.482692 1.510000 
27 1.510000 1.420857 1.520204 1.510000 
28 1.509999 1.475754 1.532257 1.510001 
29 1.510000 1.485269 1.485231 1.510000 
30 1.510000 1.486453 1.483761 1.509999 
31 1.509999 1.638492 1.490388 1.510000 
32 1.510000 1.582219 1.476217 1.510000 
33 1.509999 1.598444 1.532344 1.510000 
34 1.510000 1.564552 1.587038 1.510000 
35 1.510000 1.473198 1.574229 1.510000 
36 1.509999 1.568136 1.629409 1.509999 
37 1.510000 1.554432 1.583173 1.510000 
38 1.509999 1.571165 1.603990 1.510000 
39 1.510000 1.549592 1.607955 1.510001 
40 1.510000 1.494068 1.618890 1.510000 
41 1.510000 1.578823 1.656518 1.509999 
42 1.510000 1.621606 1.728987 1.510000 
43 1.510000 1.591698 1.695577 1.510000 
44 1.509999 1.628754 1.680211 1.510000 
45 1.510000 1.621856 1.668711 1.510000 
46 1.510000 1.575502 1.581598 1.509999 
47 1.510000 1.589142 1.510759 1.510000 
48 1.510000 1.565844 1.453194 1.510000 
49 1.510000 1.536888 1.439914 1.510000 
50 1.510000 1.490356 1.384398 1.510000 
51 1.510000 1.495341 1.477429 1.510000 
52 1.510000 1.563403 1.457729 1.510000 
53 1.510000 1.517346 1.508895 1.510000 
54 1.509999 1.563293 1.524610 1.510000 
55 1.510000 1.582333 1.559832 1.510001 
56 1.509999 1.574861 1.545414 1.509999 
57 1.510000 1.574452 1.594895 1.510000 
58 1.510000 1.623520 1.587083 1.509999 
59 1.510000 1.606906 1.608954 1.510000 
60 1.510000 1.612454 1.613939 1.510000 
61 1.510000 1.598455 1.598332 1.510000 
62 1.510000 1.574416 1.555352 1.510000 
63 1.509999 1.544395 1.488137 1.510000 
64 1.510000 1.492553 1.540264 1.510000 
65 1.510000 1.491927 1.562387 1.510000 
66 1.510000 1.496062 1.591519 1.510000 
67 1.509999 1.441508 1.568567 1.509999 
68 1.510000 1.522921 1.528278 1.510000 
69 1.510000 1.522991 1.523140 1.509999 
70 1.510000 1.445069 1.517949 1.510001 
71 1.510000 1.412014 1.552295 1.510000 
72 1.510000 1.395863 1.586242 1.510001 
73 1.509999 1.475533 1.583506 1.510000 
74 1.510000 1.551080 1.544919 1.510000 
75 1.510000 1.603639 1.461256 1.510000 
76 1.510000 1.666851 1.468288 1.509999 
77 1.510000 1.738488 1.448850 1.510000 
78 1.510001 1.728240 1.493202 1.510000 
79 1.510000 1.629898 1.505618 1.510000 
80 1.510000 1.596674 1.521752 1.510000 
81 1.509999 1.568417 1.586708 1.510000 
82 1.509999 1.536551 1.630037 1.510000 
83 1.510000 1.403334 1.543080 1.510000 
84 1.510000 1.357970 1.606007 1.510000 
85 1.509999 1.404609 1.672433 1.510000 
86 1.509999 1.394627 1.634049 1.510000 
87 1.510000 1.327274 1.596630 1.510000 
88 1.510000 1.337905 1.550760 1.510000 
89 1.510000 1.344874 1.514052 1.510000 
90 1.510000 1.386474 1.498512 1.510000 
91 1.510000 1.442800 1.440374 1.510000 
92 1.509999 1.524896 1.450263 1.510000 
93 1.510000 1.567193 1.422151 1.510000 
94 1.510000 1.646207 1.410946 1.510000 
95 1.509999 1.667678 1.473078 1.509999 
96 1.510000 1.729270 1.557949 1.510000 
97 1.509999 1.735407 1.602798 1.510000 
98 1.509999 1.679617 1.612770 1.510000 
99 1.510001 1.614994 1.599990 1.509999 
100 1.510000 1.570621 1.681921 1.509999 
101 1.510000 1.565971 1.719994 1.510000 
102 1.510000 1.473317 1.643210 1.510000 
103 1.510000 1.588374 1.703568 1.510000 
104 1.510000 1.510522 1.604386 1.510000 
105 1.510000 1.512717 1.481434 1.510000 
106 1.510000 1.524668 1.473151 1.510000 
107 1.510000 1.604921 1.416861 1.509999 
108 1.510000 1.497249 1.361539 1.510000 
109 1.509999 1.440075 1.343252 1.510000 
110 1.510000 1.516893 1.454845 1.510000 
111 1.510000 1.534542 1.452688 1.509999 
112 1.510000 1.366265 1.421370 1.510000 
113 1.510000 1.389708 1.510896 1.510000 
114 1.510000 1.453655 1.526492 1.510000 
115 1.509999 1.354611 1.455232 1.510000 
116 1.510000 1.373256 1.412783 1.510000 
117 1.509999 1.484921 1.465587 1.510000 
118 1.509999 1.497072 1.425087 1.510000 
119 1.510000 1.454211 1.397801 1.510000 
120 1.509999 1.479552 1.374552 1.510000 
121 1.509999 1.577403 1.456704 1.510000 
122 1.510000 1.675607 1.458570 1.510000 
123 1.510000 1.617335 1.483131 1.510000 
124 1.510000 1.681021 1.512753 1.510000 
125 1.510000 1.720915 1.608119 1.509999 
126 1.510000 1.712410 1.662102 1.510000 
127 1.510000 1.700176 1.644619 1.510000 
128 1.510000 1.694713 1.608177 1.509999 
129 1.510000 1.626504 1.641777 1.510000 
130 1.510000 1.592715 1.706474 1.510000 
131 1.510000 1.584457 1.696217 1.509999 
132 1.510000 1.566374 1.632852 1.510000 
133 1.510000 1.559415 1.628206 1.510000 
134 1.510000 1.571408 1.644799 1.509999 
135 1.509999 1.524397 1.558446 1.510000 
136 1.510000 1.445903 1.461026 1.510000 
137 1.510000 1.416482 1.422552 1.510000 
138 1.510000 1.402201 1.416959 1.510000 
139 1.509999 1.434740 1.378245 1.510000 
140 1.510000 1.478639 1.319391 1.509999 
141 1.510000 1.463880 1.305699 1.509999 
142 1.510000 1.507296 1.308133 1.510000 
143 1.510000 1.568946 1.367247 1.510000 
144 1.510000 1.631357 1.442810 1.510000 
145 1.510000 1.645017 1.448765 1.509999 
146 1.510000 1.591502 1.517414 1.510000 
147 1.510000 1.550032 1.578310 1.510000 
148 1.510000 1.608640 1.639199 1.509999 
149 1.510000 1.596997 1.738120 1.510000 
150 1.510000 1.611256 1.681861 1.510000 
151 1.510000 1.585277 1.634425 1.510000 
152 1.510000 1.560377 1.568592 1.510000 
153 1.510000 1.540887 1.519457 1.510000 
154 1.510000 1.517445 1.486029 1.510000 
155 1.510000 1.486750 1.455041 1.510001 
156 1.510000 1.502385 1.430718 1.510000 
157 1.510000 1.556582 1.418296 1.510001 
158 1.510000 1.524934 1.456114 1.509999 
159 1.509999 1.511716 1.484730 1.510000 
160 1.510000 1.557245 1.539568 1.510000 
161 1.510001 1.486833 1.498275 1.510000 
162 1.510000 1.365824 1.554733 1.510000 
163 1.510000 1.363776 1.512233 1.510000 
164 1.510000 1.317277 1.499982 1.510000 
165 1.510000 1.327799 1.470886 1.510000 
166 1.510000 1.328441 1.482128 1.509999 
167 1.509999 1.317858 1.471847 1.509999 
168 1.509999 1.409587 1.509889 1.509999 
169 1.510000 1.453072 1.601370 1.510000 
170 1.510000 1.452831 1.592200 1.510000 
171 1.510000 1.465672 1.621030 1.509999 
172 1.509999 1.521116 1.670225 1.510000 
173 1.510000 1.592846 1.657311 1.509999 
174 1.510000 1.596714 1.632074 1.510000 
175 1.509999 1.710309 1.556598 1.510000 
176 1.510000 1.726675 1.565629 1.510000 
177 1.510000 1.780441 1.516031 1.510000 
178 1.509999 1.766171 1.534936 1.510000 
179 1.510000 1.756489 1.531582 1.510000 
180 1.509999 1.670452 1.451581 1.510001 
181 1.509999 1.586149 1.396916 1.509999 
182 1.510001 1.501195 1.406399 1.509999 
183 1.510000 1.543042 1.500163 1.510000 
184 1.510000 1.513477 1.601684 1.510000 
185 1.510000 1.460502 1.676775 1.510000 
186 1.509999 1.466608 1.712183 1.510000 
187 1.509999 1.453445 1.718013 1.510000 
188 1.510000 1.439640 1.716094 1.510000 
189 1.509999 1.474060 1.704061 1.509999 
190 1.509999 1.508043 1.677930 1.509999 
191 1.510000 1.472159 1.602309 1.510000 
192 1.510000 1.642560 1.538756 1.509999 
193 1.510000 1.683309 1.503801 1.510000 
194 1.509999 1.683985 1.446769 1.510000 
195 1.510000 1.672512 1.387654 1.510000 
196 1.510000 1.696629 1.422411 1.510000 
197 1.510000 1.614534 1.452388 1.509999 
198 1.510001 1.543288 1.471718 1.510000 
199 1.510000 1.515410 1.541757 1.509999 
200 1.510000 1.433680 1.582588 1.510000 
201 1.510000 1.465530 1.563333 1.510000 
202 1.510000 1.509629 1.591918 1.510001 
203 1.509999 1.411494 1.506697 1.510000 
204 1.510000 1.498179 1.608488 1.510001 
205 1.510000 1.607408 1.599541 1.509999 
206 1.509999 1.632054 1.527364 1.510001 
207 1.509999 1.710623 1.618388 1.510001 
208 1.510000 1.715511 1.650392 1.509999 
209 1.509999 1.664669 1.564076 1.510000 
210 1.509999 1.646015 1.551812 1.509999 
211 1.510000 1.656797 1.527336 1.509999 
212 1.510000 1.581928 1.514376 1.509999 
213 1.510000 1.496798 1.568134 1.510000 
214 1.510000 1.493412 1.632997 1.510000 
215 1.510000 1.506743 1.723047 1.509999 
216 1.510000 1.523175 1.690883 1.510000 
217 1.510000 1.509891 1.740922 1.509999 
218 1.510000 1.522912 1.693951 1.510000 
219 1.510001 1.528795 1.668284 1.509999 
220 1.509999 1.579546 1.579731 1.509999 
221 1.510000 1.680866 1.577599 1.510000 
222 1.510000 1.681589 1.541566 1.509999 
223 1.510000 1.608605 1.455018 1.510000 
224 1.510001 1.673342 1.499456 1.510000 
225 1.510000 1.648673 1.516281 1.510000 
226 1.510000 1.597708 1.478469 1.510000 
227 1.510000 1.506902 1.405090 1.510000 
228 1.510000 1.565984 1.512627 1.510000 
229 1.510000 1.452030 1.491050 1.509999 
230 1.510001 1.448568 1.501408 1.510000 
231 1.510000 1.476552 1.542249 1.510000 
232 1.510000 1.527646 1.645478 1.510000 
233 1.510000 1.471809 1.645593 1.510000 
234 1.509999 1.497419 1.648031 1.510000 
235 1.510000 1.592052 1.699391 1.510000 
236 1.510000 1.585364 1.689005 1.510000 
237 1.510000 1.542347 1.630380 1.510000 
238 1.510000 1.608741 1.639274 1.510000 
239 1.510000 1.688381 1.641618 1.509999 
240 1.509999 1.697124 1.529147 1.509999 
241 1.510000 1.611730 1.492104 1.509999 
242 1.509999 1.638041 1.542011 1.510000 
243 1.509999 1.562387 1.490317 1.509999 
244 1.510001 1.500071 1.433006 1.510000 
245 1.510000 1.467840 1.488990 1.510000 
246 1.509999 1.458106 1.569151 1.510000 
247 1.510000 1.521243 1.677543 1.510001 
248 1.510000 1.563640 1.679811 1.510000 
249 1.510000 1.532160 1.596203 1.510001 
250 1.509999 1.500789 1.590843 1.510000 
251 1.509999 1.502328 1.486614 1.510000 
252 1.510000 1.528200 1.482714 1.509999 
253 1.509999 1.496620 1.407343 1.509999 
254 1.510000 1.539150 1.416776 1.510000 
255 1.510000 1.530881 1.440111 1.510000 
256 1.510000 1.515141 1.419075 1.510000 
257 1.510000 1.589776 1.425617 1.510001 
258 1.510000 1.631268 1.557448 1.510001 
259 1.509999 1.666863 1.532466 1.510001 
260 1.510000 1.635078 1.614676 1.510000 
261 1.510000 1.670575 1.674184 1.510000 
262 1.509999 1.653366 1.673677 1.510000 
263 1.509999 1.526382 1.684371 1.510000 
264 1.510000 1.540154 1.621010 1.510000 
265 1.510000 1.553753 1.601195 1.509999 
266 1.510000 1.462670 1.530245 1.510000 
267 1.510000 1.508082 1.527178 1.510000 
268 1.509999 1.524194 1.447630 1.510000 
269 1.510000 1.494668 1.449769 1.509999 
270 1.510000 1.522933 1.456915 1.510000 
271 1.510000 1.584688 1.558787 1.509999 
272 1.510000 1.488989 1.528461 1.510000 
273 1.510000 1.516268 1.514084 1.510000 
274 1.510000 1.490922 1.569856 1.510001 
275 1.509999 1.420425 1.575983 1.510000 
276 1.509999 1.408836 1.497033 1.509999 
277 1.510000 1.465073 1.568710 1.509999 
278 1.509999 1.584843 1.587122 1.510000 
279 1.510000 1.638577 1.561913 1.510001 
280 1.509999 1.583445 1.536534 1.510000 
281 1.510000 1.604634 1.555388 1.510001 
282 1.509999 1.589918 1.568007 1.510000 
283 1.510000 1.486835 1.430971 1.510000 
284 1.509999 1.464831 1.437098 1.510000 
285 1.510000 1.536697 1.457733 1.510000 
286 1.509999 1.447474 1.455178 1.510001 
287 1.509999 1.462211 1.496569 1.509999 
288 1.510000 1.542930 1.484981 1.510001 
289 1.510000 1.507228 1.377537 1.510000 
290 1.509999 1.552631 1.484861 1.510000 
291 1.510000 1.562554 1.490749 1.510000 
292 1.510000 1.496546 1.465376 1.510000 
293 1.509999 1.521554 1.521195 1.510000 
294 1.510000 1.472935 1.525554 1.510000 
295 1.510000 1.487338 1.603760 1.510000 
296 1.510000 1.542366 1.581509 1.510000 
297 1.510000 1.503955 1.558161 1.510000 
298 1.510000 1.591340 1.685227 1.510000 
299 1.510000 1.530466 1.484310 1.510000 
300 1.510000 1.529035 1.453652 1.510000 
301 1.510000 1.553168 1.489427 1.510000 
302 1.510000 1.496956 1.368417 1.510000 
303 1.510000 1.556971 1.411644 1.510000 
304 1.510000 1.439698 1.426810 1.510000 
305 1.510000 1.372216 1.471240 1.510000 
306 1.510000 1.454737 1.627923 1.510000 
307 1.510000 1.391680 1.563495 1.510000 
308 1.509999 1.407357 1.602333 1.510000 
309 1.510000 1.534677 1.550593 1.510000 
310 1.509999 1.403836 1.469880 1.510000 
311 1.509999 1.496833 1.552973 1.510000 
312 1.509999 1.619853 1.529726 1.510000 
313 1.510001 1.540870 1.531099 1.509999 
314 1.510000 1.583024 1.601189 1.510001 
315 1.510000 1.567865 1.521245 1.510000 
316 1.510000 1.543952 1.522380 1.510000 
317 1.510000 1.597110 1.650326 1.510001 
318 1.510000 1.523191 1.579559 1.510001 
319 1.510000 1.506790 1.557869 1.510000 
320 1.509999 1.524162 1.626090 1.510000 
321 1.510000 1.490305 1.591118 1.510000 
322 1.510000 1.475471 1.554910 1.510001 
323 1.510000 1.476214 1.526930 1.510000 
324 1.510000 1.578331 1.504940 1.509999 
325 1.510001 1.522828 1.490800 1.509999 
326 1.510000 1.521889 1.528523 1.510000 
327 1.510000 1.586946 1.567316 1.510000 
328 1.510000 1.618600 1.537789 1.510000 
329 1.510000 1.650097 1.521444 1.509999 
330 1.509999 1.616742 1.567296 1.509999 
331 1.509999 1.684257 1.577244 1.510000 
332 1.510000 1.626727 1.604828 1.510000 
333 1.510000 1.544153 1.596659 1.510000 
334 1.510000 1.554396 1.637427 1.510000 
335 1.510000 1.442802 1.609761 1.510000 
336 1.510000 1.431648 1.554362 1.510000 
337 1.510000 1.446247 1.440879 1.510000 
338 1.510000 1.451446 1.402272 1.510000 
339 1.510000 1.438199 1.339658 1.510000 
340 1.510000 1.452561 1.302000 1.510000 
341 1.510000 1.559803 1.340847 1.510000 
342 1.510000 1.616802 1.305035 1.510000 
343 1.510000 1.517225 1.237126 1.510001 
344 1.510000 1.533461 1.277654 1.510000 
345 1.510001 1.632608 1.395388 1.510000 
346 1.510000 1.695738 1.552543 1.510000 
347 1.510001 1.678270 1.617422 1.510000 
348 1.510000 1.650849 1.649798 1.510000 
349 1.510000 1.559245 1.692590 1.509999 
350 1.509999 1.422833 1.571001 1.510000 
351 1.510000 1.501146 1.609543 1.510000 
352 1.509999 1.418036 1.577849 1.510000 
353 1.510000 1.444864 1.607764 1.510000 
354 1.510000 1.524966 1.673902 1.509999 
355 1.510000 1.606159 1.739877 1.510001 
356 1.510000 1.628776 1.721923 1.510000 
357 1.510000 1.679582 1.657911 1.510000 
358 1.510000 1.687784 1.569819 1.510000 
359 1.510000 1.702517 1.595539 1.510000 
360 1.510000 1.701469 1.546860 1.510000 
361 1.510000 1.618488 1.461212 1.510000 
362 1.510001 1.556185 1.515933 1.510000 
363 1.510001 1.598044 1.542091 1.509999 
364 1.509999 1.552633 1.482191 1.510000 
365 1.509999 1.573776 1.439924 1.510000 
366 1.509999 1.480147 1.441969 1.510000 
367 1.510000 1.434921 1.457829 1.510000 
368 1.509999 1.473949 1.514986 1.510001 
369 1.510000 1.432650 1.520434 1.510000 
370 1.509999 1.406045 1.479282 1.510000 
371 1.510000 1.346269 1.561217 1.509999 
372 1.510000 1.395264 1.544480 1.509999 
373 1.510000 1.428842 1.502113 1.510001 
374 1.510000 1.499856 1.563464 1.510000 
375 1.510000 1.494378 1.519607 1.510000 
376 1.510000 1.483583 1.541207 1.509999 
377 1.510000 1.560286 1.469842 1.509999 
378 1.509999 1.551531 1.573051 1.510000 
379 1.510001 1.516709 1.513658 1.510000 
380 1.509999 1.450445 1.435787 1.510000 
381 1.510000 1.474347 1.361983 1.510000 
382 1.510000 1.453702 1.404940 1.510000 
383 1.510000 1.378564 1.360143 1.509999 
384 1.510000 1.387728 1.437408 1.510000 
385 1.510000 1.436591 1.520143 1.510000 
386 1.510000 1.427731 1.664460 1.509999 
387 1.510000 1.495524 1.729932 1.510000 
388 1.509999 1.530696 1.721508 1.510000 
389 1.509999 1.535001 1.710204 1.510000 
390 1.510000 1.554286 1.666143 1.509999 
391 1.510000 1.612660 1.635013 1.510000 
392 1.510000 1.583946 1.580628 1.509999 
393 1.509999 1.578822 1.473386 1.510000 
394 1.510000 1.527915 1.417872 1.510000 
395 1.510000 1.512981 1.419449 1.510000 
396 1.509999 1.477855 1.375734 1.510001 
397 1.510000 1.398810 1.316393 1.510000 
398 1.510000 1.400459 1.344583 1.510000 
399 1.510001 1.495379 1.454230 1.510000 
400 1.510000 1.582973 1.474945 1.510000 
401 1.510000 1.541389 1.491728 1.510000 
402 1.510000 1.579926 1.567683 1.509999 
403 1.510001 1.466029 1.600937 1.510000 
404 1.510000 1.568068 1.664128 1.510000 
405 1.510000 1.610516 1.732519 1.510000 
406 1.510000 1.514882 1.646872 1.510000 
407 1.510000 1.513127 1.610053 1.510000 
408 1.509999 1.610105 1.576023 1.510000 
409 1.509999 1.615703 1.552657 1.509999 
410 1.510000 1.566711 1.500567 1.510000 
411 1.510000 1.514404 1.431109 1.510000 
412 1.510000 1.486811 1.420199 1.510000 
413 1.510000 1.459446 1.495577 1.510000 
414 1.510000 1.411117 1.520687 1.510001 
415 1.510000 1.384925 1.461676 1.510000 
416 1.510000 1.527973 1.623680 1.509999 
417 1.510000 1.611302 1.761842 1.510000 
418 1.509999 1.592816 1.753568 1.510000 
419 1.509999 1.607507 1.646088 1.509999 
420 1.510000 1.685377 1.621557 1.509999 
421 1.509999 1.664002 1.582166 1.509999 
422 1.510000 1.613682 1.446604 1.510000 
423 1.510001 1.586201 1.416365 1.510000 
424 1.509999 1.586185 1.437654 1.510000 
425 1.509999 1.532148 1.345267 1.510000 
426 1.510000 1.452180 1.365732 1.509999 
427 1.510000 1.469340 1.410046 1.510000 
428 1.510000 1.503793 1.422235 1.509999 
429 1.509999 1.451345 1.515851 1.509999 
430 1.510000 1.396774 1.560848 1.510000 
431 1.510000 1.423409 1.658379 1.509999 
432 1.510000 1.414891 1.719663 1.510000 
433 1.510000 1.510039 1.705121 1.509999 
434 1.509999 1.485187 1.769581 1.510000 
435 1.510000 1.510427 1.631218 1.510000 
436 1.509999 1.583387 1.649462 1.510000 
437 1.510000 1.556292 1.531876 1.510000 
438 1.509999 1.627797 1.432913 1.510000 
439 1.510000 1.625955 1.441809 1.510000 
440 1.510000 1.608372 1.392509 1.510001 
441 1.510000 1.557263 1.374237 1.510000 
442 1.510000 1.554819 1.405569 1.509999 
443 1.510000 1.571327 1.493923 1.510000 
444 1.510000 1.516298 1.523523 1.509999 
445 1.510000 1.484720 1.649449 1.510000 
446 1.509999 1.516227 1.682707 1.510000 
447 1.509999 1.490513 1.714077 1.510000 
448 1.509999 1.454124 1.711673 1.510000 
449 1.510000 1.423179 1.634377 1.510000 
450 1.510000 1.463223 1.581594 1.510000 
451 1.510000 1.443030 1.504336 1.510000 
452 1.510000 1.439109 1.436479 1.510000 
453 1.510000 1.485338 1.421898 1.510000 
454 1.509999 1.526864 1.348680 1.510000 
455 1.509999 1.635287 1.398893 1.510000 
456 1.510000 1.647426 1.443437 1.510000 
457 1.510000 1.632782 1.419444 1.510000 
458 1.510000 1.633814 1.439044 1.510000 
459 1.509999 1.588171 1.539083 1.510000 
460 1.510000 1.566440 1.570655 1.510000 
461 1.510000 1.482248 1.537590 1.510000 
462 1.510000 1.420176 1.535757 1.510000 
463 1.510000 1.391002 1.576592 1.510000 
464 1.510000 1.383157 1.624261 1.509999 
465 1.510000 1.496961 1.614006 1.509999 
466 1.510000 1.524615 1.688505 1.510000 
467 1.509999 1.585009 1.712408 1.509999 
468 1.510001 1.610751 1.620769 1.510000 
469 1.509999 1.590411 1.620116 1.509999 
470 1.510000 1.590302 1.539133 1.510000 
471 1.510000 1.552330 1.407170 1.510000 
472 1.510000 1.526503 1.478852 1.510000 
473 1.510000 1.595467 1.533005 1.510000 
474 1.510001 1.585505 1.612311 1.510000 
475 1.510000 1.565810 1.593928 1.509999 
476 1.510000 1.581060 1.642757 1.509999 
477 1.510000 1.671924 1.677305 1.510000 
478 1.510000 1.561565 1.601353 1.510000 
479 1.510000 1.544439 1.563279 1.510000 
480 1.510001 1.546240 1.536451 1.510000 
481 1.510000 1.464963 1.431602 1.510000 
482 1.510000 1.488173 1.513180 1.509999 
483 1.510000 1.551928 1.565156 1.510000 
484 1.509999 1.574856 1.570251 1.510000 
485 1.510000 1.579513 1.512353 1.509999 
486 1.510000 1.536933 1.570434 1.510000 
487 1.510000 1.610078 1.597565 1.510000 
488 1.510000 1.611695 1.603141 1.510000 
489 1.510000 1.490836 1.606392 1.510000 
490 1.510000 1.544163 1.657310 1.510001 
491 1.509999 1.424659 1.606022 1.510000 
492 1.509999 1.357525 1.609697 1.510000 
493 1.509999 1.351263 1.500921 1.510000 
494 1.510000 1.346543 1.437956 1.510000 
495 1.510000 1.425526 1.502040 1.510000 
496 1.509999 1.449808 1.475851 1.510000 
497 1.509999 1.512092 1.426448 1.509999 
498 1.510000 1.583602 1.468474 1.510000 
499 1.510000 1.648041 1.554228 1.510000 
500 1.510000 1.713220 1.557000 1.510000 
501 1.510000 1.738375 1.587722 1.510001 
502 1.510000 1.751190 1.598415 1.510000 
503 1.510000 1.708828 1.658754 1.510000 
504 1.510000 1.693219 1.629263 1.510000 
505 1.510000 1.637012 1.626852 1.510000 
506 1.510001 1.543771 1.621136 1.510000 
507 1.510000 1.470190 1.576996 1.509999 
508 1.509999 1.352303 1.522983 1.510000 
509 1.510000 1.343641 1.449503 1.510000 
510 1.510001 1.396409 1.440741 1.510000 
511 1.510000 1.383228 1.381414 1.510000 
512 1.510000 1.411006 1.360952 1.510000 
513 1.510000 1.431225 1.385793 1.509999 
514 1.510000 1.506814 1.461005 1.510000 
515 1.510000 1.479871 1.465392 1.509999 
516 1.510000 1.548633 1.573038 1.510000 
517 1.510000 1.488258 1.507532 1.510000 
518 1.510000 1.560754 1.586034 1.510000 
519 1.510000 1.520429 1.589602 1.510000 
520 1.510000 1.473277 1.496605 1.510000 
521 1.510000 1.525742 1.556946 1.510001 
522 1.510000 1.511343 1.548578 1.510000 
523 1.510000 1.525457 1.498507 1.510000 
524 1.510001 1.540427 1.610525 1.510000 
525 1.510000 1.552681 1.572889 1.510000 
526 1.510000 1.495083 1.552755 1.510000 
527 1.510000 1.437140 1.529028 1.510000 
528 1.510000 1.385403 1.559436 1.510000 
529 1.510000 1.399144 1.610856 1.510000 
530 1.510000 1.337045 1.554265 1.510000 
531 1.510000 1.340196 1.449214 1.510000 
532 1.510000 1.418295 1.517273 1.510000 
533 1.510000 1.466767 1.440921 1.510000 
534 1.510000 1.478248 1.378722 1.510000 
535 1.510000 1.571133 1.493230 1.510000 
536 1.509999 1.473705 1.445629 1.510000 
537 1.510000 1.447798 1.335038 1.510000 
538 1.510000 1.448811 1.401950 1.510000 
539 1.510000 1.387424 1.411051 1.510000 
540 1.509999 1.496303 1.478056 1.509999 
541 1.509999 1.453902 1.468753 1.510000 
542 1.510000 1.474273 1.415518 1.510000 
543 1.509999 1.569394 1.465584 1.510000 
544 1.510000 1.543140 1.455454 1.510000 
545 1.510000 1.603836 1.505941 1.510000 
546 1.509999 1.677359 1.586805 1.510000 
547 1.510000 1.614716 1.601649 1.510000 
548 1.510000 1.488831 1.588641 1.510000 
549 1.510000 1.493624 1.668567 1.510000 
550 1.509999 1.504430 1.723410 1.510000 
551 1.510000 1.503670 1.645257 1.510000 
552 1.509999 1.375493 1.463778 1.510000 
553 1.510000 1.414772 1.491129 1.509999 
554 1.510000 1.486796 1.521270 1.510000 
555 1.510000 1.431383 1.410671 1.510000 
556 1.510000 1.471534 1.410280 1.510000 
557 1.510000 1.542153 1.451394 1.510000 
558 1.509999 1.640505 1.480738 1.510000 
559 1.510000 1.641465 1.462105 1.510000 
560 1.509999 1.631964 1.524074 1.510000 
561 1.509999 1.671318 1.602889 1.510000 
562 1.510000 1.624342 1.564106 1.510000 
563 1.509999 1.539954 1.616776 1.510001 
564 1.509999 1.515123 1.705793 1.510000 
565 1.510000 1.568104 1.706335 1.510000 
566 1.510000 1.589763 1.568893 1.510000 
567 1.510000 1.656347 1.526551 1.510000 
568 1.510000 1.636794 1.525827 1.510000 
569 1.509999 1.521674 1.383476 1.510000 
570 1.510000 1.566619 1.402450 1.510000 
571 1.510000 1.628049 1.419531 1.510000 
572 1.510000 1.614535 1.329088 1.510000 
573 1.510000 1.653849 1.464140 1.510000 
574 1.510000 1.568261 1.567290 1.509999 
575 1.510000 1.411564 1.568913 1.510000 
576 1.510000 1.388386 1.634007 1.510000 
577 1.510000 1.450352 1.730693 1.510000 
578 1.510000 1.467090 1.820530 1.510000 
579 1.510001 1.438369 1.768195 1.510001 
580 1.510000 1.507779 1.753701 1.509999 
581 1.510000 1.529171 1.708359 1.510000 
582 1.510000 1.514933 1.628096 1.510000 
583 1.510000 1.511659 1.543874 1.510000 
584 1.510000 1.617196 1.531196 1.510000 
585 1.510000 1.666356 1.468140 1.510000 
586 1.510000 1.648774 1.422795 1.510000 
587 1.510000 1.658406 1.379563 1.510000 
588 1.510000 1.694814 1.419971 1.510000 
589 1.510001 1.705514 1.441278 1.510000 
590 1.510000 1.698868 1.537280 1.509999 
591 1.509999 1.669439 1.592459 1.510000 
592 1.509999 1.528631 1.505509 1.510000 
593 1.510000 1.515229 1.550980 1.510000 
594 1.510000 1.486103 1.647036 1.510000 
595 1.510000 1.447925 1.550362 1.509999 
596 1.510000 1.364788 1.560531 1.510000 
597 1.510000 1.341147 1.576712 1.509999 
598 1.510000 1.362571 1.580273 1.510000 
599 1.510000 1.426378 1.558849 1.510000 
600 1.509999 1.504596 1.543361 1.509999 
601 1.510000 1.495693 1.593108 1.510000 
602 1.510000 1.523074 1.486084 1.509999 
603 1.510000 1.543222 1.506662 1.510000 
604 1.510000 1.567568 1.547204 1.510000 
605 1.509999 1.581794 1.487789 1.509999 
606 1.510000 1.645944 1.438100 1.510000 
607 1.510000 1.663530 1.540270 1.510000 
608 1.510000 1.644678 1.529807 1.510000 
609 1.510000 1.613183 1.533046 1.510000 
610 1.510000 1.673272 1.640707 1.510000 
611 1.510000 1.557361 1.619394 1.509999 
612 1.510000 1.578336 1.664755 1.510000 
613 1.510000 1.568299 1.694114 1.510000 
614 1.510001 1.548157 1.701691 1.509999 
615 1.510000 1.479790 1.647048 1.509999 
616 1.509999 1.421701 1.546149 1.510000 
617 1.510000 1.393593 1.526090 1.510000 
618 1.510000 1.372255 1.459898 1.510000 
619 1.510000 1.418598 1.450473 1.510000 
620 1.510000 1.445263 1.499562 1.509999 
621 1.510000 1.478185 1.464702 1.509999 
622 1.510000 1.530403 1.466371 1.510000 
623 1.510000 1.556927 1.519221 1.510000 
624 1.510000 1.599876 1.551659 1.510000 
625 1.510000 1.649529 1.617851 1.510000 
626 1.510000 1.670551 1.585709 1.510000 
627 1.510000 1.649289 1.589315 1.510000 
628 1.510000 1.591967 1.536476 1.510000 
629 1.510001 1.552872 1.484603 1.509999 
630 1.510000 1.520433 1.500412 1.510000 
631 1.510000 1.458954 1.486621 1.510000 
632 1.510000 1.431179 1.458842 1.510000 
633 1.510000 1.443786 1.498863 1.510000 
634 1.510000 1.437179 1.532813 1.510000 
635 1.509999 1.447021 1.562862 1.510000 
636 1.510000 1.483137 1.558403 1.510000 
637 1.510000 1.369191 1.575265 1.510000 
638 1.510000 1.399942 1.557907 1.510000 
639 1.510000 1.391330 1.586250 1.510000 
640 1.510000 1.451899 1.529150 1.510000 
641 1.510000 1.511827 1.547642 1.510000 
642 1.510001 1.520247 1.498271 1.510000 
643 1.510000 1.472956 1.443380 1.510000 
644 1.510000 1.534911 1.509277 1.510000 
645 1.510000 1.538656 1.440398 1.510000 
646 1.510000 1.448114 1.409921 1.510000 
647 1.510000 1.479694 1.441017 1.510000 
648 1.510000 1.531334 1.483326 1.510000 
649 1.510000 1.586952 1.560314 1.510000 
650 1.510001 1.497037 1.584280 1.510000 
651 1.510000 1.450898 1.575107 1.510000 
652 1.510000 1.455361 1.664067 1.509999 
653 1.510000 1.532346 1.626314 1.510000 
654 1.510000 1.496890 1.592103 1.510000 
655 1.510000 1.441266 1.562229 1.510000 
656 1.510000 1.433374 1.514760 1.510000 
657 1.509999 1.444267 1.504536 1.510000 
658 1.509999 1.497290 1.559143 1.510000 
659 1.510000 1.571253 1.545526 1.510000 
660 1.510000 1.602647 1.431762 1.509999 
661 1.510000 1.666680 1.484182 1.510000 
662 1.510000 1.666889 1.540339 1.509999 
663 1.510000 1.651219 1.607260 1.509999 
664 1.510000 1.670769 1.596817 1.509999 
665 1.510000 1.592378 1.628260 1.510000 
666 1.510000 1.585308 1.610780 1.510000 
667 1.510000 1.503768 1.562345 1.510000 
668 1.510000 1.408899 1.511070 1.510000 
669 1.510001 1.420789 1.450053 1.510000 
670 1.510001 1.409069 1.415048 1.510001 
671 1.510000 1.433448 1.435272 1.510000 
672 1.510000 1.502450 1.437203 1.510000 
673 1.510000 1.563862 1.456359 1.510000 
674 1.509999 1.598643 1.477842 1.510000 
675 1.509999 1.601214 1.436126 1.510000 
676 1.509999 1.631348 1.444543 1.510000 
677 1.510000 1.637168 1.493426 1.509999 
678 1.509999 1.575573 1.450578 1.510000 
679 1.510000 1.539759 1.433729 1.509999 
680 1.510000 1.462190 1.383466 1.510000 
681 1.510000 1.450322 1.419352 1.510000 
682 1.510001 1.503450 1.443589 1.509999 
683 1.510000 1.575396 1.551061 1.510000 
684 1.510000 1.460461 1.555328 1.510000 
685 1.510000 1.481415 1.591872 1.509999 
686 1.510000 1.493762 1.537571 1.509999 
687 1.510000 1.431994 1.521667 1.510001 
688 1.510001 1.387876 1.469195 1.510000 
689 1.510000 1.368448 1.472416 1.509999 
690 1.510000 1.354866 1.441667 1.510000 
691 1.510000 1.407210 1.530255 1.509999 
692 1.510000 1.474668 1.531960 1.510000 
693 1.509999 1.470253 1.561692 1.510000 
694 1.509999 1.501121 1.545524 1.510000 
695 1.509999 1.574176 1.586087 1.509999 
696 1.509999 1.550144 1.531665 1.510000 
697 1.510000 1.532166 1.533171 1.510000 
698 1.510000 1.621341 1.522416 1.510000 
699 1.510000 1.625426 1.507228 1.510000 
700 1.510000 1.586833 1.449960 1.510000 
701 1.509999 1.647318 1.537062 1.510000 
702 1.509999 1.626895 1.570042 1.510000 
703 1.510001 1.532773 1.614363 1.510000 
704 1.510000 1.534545 1.699209 1.510000 
705 1.510000 1.460175 1.663314 1.510000 
706 1.509999 1.417992 1.673180 1.509999 
707 1.510000 1.461828 1.669826 1.510000 
708 1.510000 1.465413 1.665814 1.510000 
709 1.510000 1.486086 1.614027 1.510000 
710 1.510001 1.500877 1.534483 1.509999 
711 1.510000 1.584841 1.526063 1.510000 
712 1.510000 1.649892 1.527167 1.510000 
713 1.510000 1.707861 1.533206 1.510000 
714 1.510000 1.718290 1.544336 1.510000 
715 1.509999 1.730721 1.492416 1.510000 
716 1.509999 1.710858 1.537841 1.510000 
717 1.510000 1.670874 1.435115 1.510000 
718 1.510000 1.597702 1.421418 1.510000 
719 1.510000 1.554096 1.549510 1.510000 
720 1.510000 1.481590 1.573280 1.510000 
721 1.510000 1.384898 1.523895 1.510000 
722 1.510000 1.416099 1.571205 1.510000 
723 1.510000 1.464032 1.589265 1.510000 
724 1.509999 1.505168 1.526361 1.510001 
725 1.510000 1.494854 1.508998 1.509999 
726 1.510000 1.540100 1.454091 1.509999 
727 1.510000 1.530590 1.455454 1.510000 
728 1.510000 1.558379 1.444978 1.509999 
729 1.510000 1.605204 1.516976 1.510000 
730 1.510000 1.621314 1.557275 1.509999 
731 1.510000 1.678706 1.537126 1.510000 
732 1.510000 1.646300 1.546498 1.510000 
733 1.510000 1.660498 1.607871 1.510001 
734 1.510000 1.596629 1.573006 1.510000 
735 1.510000 1.566916 1.568193 1.509999 
736 1.509999 1.530214 1.605175 1.510000 
737 1.510001 1.565679 1.605480 1.510000 
738 1.509999 1.540229 1.642491 1.509999 
739 1.510000 1.484903 1.635534 1.510000 
740 1.510000 1.470739 1.535528 1.509999 
741 1.510000 1.523849 1.590883 1.510000 
742 1.510001 1.567077 1.528046 1.509999 
743 1.510000 1.622774 1.584410 1.510000 
744 1.510000 1.643810 1.591310 1.510000 
745 1.510000 1.612416 1.654088 1.509999 
746 1.510000 1.569837 1.663996 1.510000 
747 1.510000 1.572545 1.675307 1.509999 
748 1.510000 1.463885 1.682200 1.510000 
749 1.510000 1.500090 1.593389 1.510000 
750 1.510000 1.472296 1.492915 1.510000 
751 1.509999 1.471471 1.480325 1.510001 
752 1.510000 1.442715 1.448968 1.510000 
753 1.510000 1.399782 1.480798 1.510000 
754 1.510000 1.407596 1.499037 1.510000 
755 1.509999 1.443024 1.472648 1.510000 
756 1.509999 1.462511 1.555239 1.510000 
757 1.509999 1.556845 1.571487 1.510000 
758 1.510000 1.561596 1.556760 1.510000 
759 1.509999 1.561598 1.559511 1.509999 
760 1.510001 1.599660 1.541460 1.510000 
761 1.510001 1.552796 1.548899 1.510000 
762 1.510000 1.551797 1.574311 1.510000 
763 1.510000 1.497236 1.545563 1.510000 
764 1.510000 1.439761 1.567085 1.510000 
765 1.509999 1.469461 1.570041 1.509999 
766 1.510000 1.432982 1.509953 1.510000 
767 1.510000 1.493525 1.543790 1.510001 
768 1.510000 1.553882 1.580927 1.510000 
769 1.510000 1.530787 1.542090 1.510000 
770 1.510000 1.578262 1.486410 1.510001 
771 1.509999 1.642290 1.504740 1.509999 
772 1.510000 1.655435 1.454987 1.510000 
773 1.509999 1.668422 1.448998 1.509999 
774 1.510000 1.645286 1.483085 1.510000 
775 1.510000 1.617069 1.453988 1.509999 
776 1.510000 1.596186 1.486314 1.509999 
777 1.510000 1.560987 1.487614 1.510000 
778 1.510000 1.519941 1.520877 1.510000 
779 1.510000 1.510796 1.539754 1.510000 
780 1.509999 1.515255 1.586460 1.510000 
781 1.510000 1.462941 1.578634 1.509999 
782 1.509999 1.418335 1.546643 1.510000 
783 1.510000 1.473389 1.558870 1.509999 
784 1.510000 1.523313 1.549484 1.510000 
785 1.509999 1.449255 1.520246 1.510000 
786 1.510000 1.466197 1.528071 1.510000 
787 1.510000 1.476910 1.537853 1.509999 
788 1.510000 1.529393 1.566083 1.510000 
789 1.510000 1.513093 1.509144 1.510000 
790 1.510000 1.558447 1.449908 1.510000 
791 1.510000 1.516842 1.429504 1.509999 
792 1.510000 1.525016 1.415005 1.510000 
793 1.510001 1.537437 1.476409 1.509999 
794 1.509999 1.542998 1.416300 1.509999 
795 1.510000 1.567233 1.391990 1.510000 
796 1.510000 1.551570 1.366924 1.510000 
797 1.509999 1.608613 1.490171 1.510000 
798 1.510000 1.578304 1.509300 1.510000 
799 1.510001 1.502278 1.543279 1.510000 
800 1.510000 1.518975 1.524350 1.510001 
801 1.510000 1.507751 1.604483 1.509999 
802 1.510000 1.432644 1.600107 1.510000 
803 1.510000 1.427738 1.638685 1.510000 
804 1.509999 1.434470 1.683942 1.510000 
805 1.509999 1.512755 1.608881 1.509999 
806 1.510000 1.562737 1.567543 1.510000 
807 1.510000 1.569291 1.510234 1.509999 
808 1.509999 1.581095 1.461182 1.510000 
809 1.510000 1.632084 1.412935 1.509999 
810 1.510000 1.720325 1.483347 1.510000 
811 1.510000 1.690302 1.485878 1.510000 
812 1.510000 1.704095 1.522811 1.510000 
813 1.509999 1.672250 1.606367 1.510000 
814 1.510000 1.602995 1.591423 1.510000 
815 1.509999 1.582295 1.650392 1.510000 
816 1.510000 1.525533 1.648956 1.510000 
817 1.510000 1.475181 1.621450 1.510000 
818 1.510000 1.423671 1.613518 1.509999 
819 1.510000 1.456027 1.537301 1.510000 
820 1.509999 1.406229 1.553315 1.510000 
821 1.509999 1.465499 1.548244 1.510000 
822 1.510000 1.520299 1.531742 1.509999 
823 1.510000 1.551241 1.533730 1.510000 
824 1.510000 1.567476 1.514809 1.510001 
825 1.510000 1.613269 1.515288 1.509999 
826 1.510000 1.614424 1.386358 1.509999 
827 1.510000 1.624914 1.510541 1.510000 
828 1.510000 1.645529 1.528544 1.510000 
829 1.509999 1.584862 1.582534 1.509999 
830 1.510000 1.572314 1.620558 1.509999 
831 1.510000 1.492995 1.561376 1.510000 
832 1.510000 1.477078 1.663451 1.510000 
833 1.509999 1.487359 1.551974 1.510000 
834 1.509999 1.515477 1.664444 1.509999 
835 1.510000 1.521302 1.517918 1.510000 
836 1.510000 1.566600 1.558733 1.510000 
837 1.510000 1.586685 1.579886 1.510000 
838 1.510000 1.684826 1.617439 1.510000 
839 1.510000 1.714036 1.633684 1.510000 
840 1.510000 1.692022 1.623647 1.510000 
841 1.509999 1.739440 1.676871 1.510000 
842 1.509999 1.699583 1.642102 1.510001 
843 1.509999 1.680972 1.584679 1.510000 
844 1.510000 1.691334 1.648545 1.510000 
845 1.510000 1.644979 1.684252 1.510000 
846 1.510000 1.649533 1.612300 1.509999 
847 1.510000 1.576240 1.517066 1.510001 
848 1.510000 1.481823 1.480392 1.510000 
849 1.510000 1.554176 1.611751 1.510000 
850 1.509999 1.604788 1.579778 1.510000 
851 1.509999 1.569704 1.609135 1.510000 
852 1.510000 1.507171 1.516612 1.510000 
853 1.510000 1.506570 1.583180 1.510000 
854 1.510000 1.518211 1.626489 1.510000 
855 1.509999 1.452687 1.495467 1.510000 
856 1.510001 1.517828 1.574505 1.510000 
857 1.510000 1.517741 1.614697 1.510000 
858 1.510000 1.524164 1.625837 1.510000 
859 1.510000 1.556030 1.594302 1.510000 
860 1.510000 1.546850 1.537200 1.510000 
861 1.510000 1.560372 1.545320 1.510000 
862 1.510000 1.566893 1.470937 1.510000 
863 1.510000 1.537368 1.530135 1.509999 
864 1.510000 1.591333 1.592016 1.510000 
865 1.509999 1.494365 1.502267 1.509999 
866 1.510000 1.381672 1.459677 1.510000 
867 1.510000 1.432374 1.428433 1.510000 
868 1.510000 1.516288 1.514794 1.509999 
869 1.509999 1.551045 1.568872 1.510000 
870 1.510000 1.579962 1.542085 1.510000 
871 1.509999 1.452857 1.428559 1.510000 
872 1.510001 1.534510 1.432878 1.509999 
873 1.510000 1.547184 1.451235 1.510000 
874 1.510000 1.542542 1.462404 1.510000 
875 1.510000 1.558374 1.586200 1.509999 
876 1.510000 1.604360 1.627844 1.510000 
877 1.509999 1.649051 1.720532 1.510000 
878 1.510000 1.603639 1.689591 1.510000 
879 1.510000 1.586308 1.674003 1.510000 
880 1.510001 1.629310 1.709378 1.510000 
881 1.509999 1.646926 1.719967 1.510000 
882 1.510000 1.528200 1.642938 1.510000 
883 1.510000 1.493506 1.621844 1.510000 
884 1.510000 1.513081 1.654502 1.510000 
885 1.510001 1.487217 1.607914 1.509999 
886 1.510000 1.542312 1.562579 1.510000 
887 1.510001 1.478295 1.517216 1.510001 
888 1.510001 1.470784 1.442979 1.510001 
889 1.509999 1.536643 1.478700 1.510000 
890 1.510000 1.598727 1.502499 1.509999 
891 1.510000 1.706802 1.465736 1.510000 
892 1.510000 1.662784 1.468783 1.510000 
893 1.510000 1.638859 1.485486 1.510000 
894 1.510000 1.524973 1.533352 1.510000 
895 1.510000 1.520121 1.490738 1.510000 
896 1.510000 1.500975 1.486996 1.510000 
897 1.510000 1.390118 1.546941 1.509999 
898 1.510000 1.436656 1.572800 1.510001 
899 1.510000 1.425999 1.592024 1.510000 
900 1.510000 1.468589 1.646957 1.510000 
901 1.510000 1.583698 1.620432 1.510000 
902 1.510000 1.489552 1.566232 1.510001 
903 1.510000 1.489004 1.583366 1.509999 
904 1.510000 1.461709 1.452610 1.509999 
905 1.510000 1.503263 1.502848 1.510000 
906 1.510000 1.439874 1.437455 1.509999 
907 1.509999 1.399588 1.366520 1.510000 
908 1.509999 1.392201 1.444751 1.510000 
909 1.510000 1.384373 1.447333 1.510000 
910 1.509999 1.427949 1.499410 1.510000 
911 1.510000 1.420072 1.541747 1.510000 
912 1.510000 1.456984 1.607085 1.510000 
913 1.510000 1.528579 1.581995 1.510001 
914 1.510000 1.460455 1.583335 1.509999 
915 1.510000 1.485333 1.562917 1.510000 
916 1.510000 1.547168 1.625656 1.509999 
917 1.510000 1.542529 1.539519 1.510000 
918 1.509999 1.564071 1.467576 1.510000 
919 1.509999 1.634116 1.463360 1.510000 
920 1.509999 1.602234 1.437515 1.510000 
921 1.510000 1.564788 1.432869 1.510000 
922 1.510000 1.592647 1.449372 1.510000 
923 1.510000 1.584809 1.462565 1.510000 
924 1.510000 1.677759 1.466242 1.510000 
925 1.510000 1.612528 1.545470 1.509999 
926 1.510000 1.625069 1.478751 1.510001 
927 1.510000 1.713490 1.603700 1.510000 
928 1.509999 1.711371 1.639722 1.510000 
929 1.510000 1.620159 1.613529 1.510000 
930 1.510000 1.663152 1.681665 1.510000 
931 1.510000 1.722045 1.737751 1.510001 
932 1.509999 1.656038 1.708297 1.510000 
933 1.510000 1.558269 1.657515 1.510000 
934 1.510000 1.599689 1.696610 1.510000 
935 1.509999 1.581664 1.624078 1.510000 
936 1.510000 1.513803 1.604432 1.509999 
937 1.510000 1.568847 1.540966 1.510000 
938 1.510000 1.604797 1.503054 1.509999 
939 1.510001 1.594765 1.458860 1.509999 
940 1.510000 1.545839 1.533052 1.510000 
941 1.510000 1.472401 1.395714 1.510000 
942 1.510000 1.369554 1.352159 1.510000 
943 1.510000 1.387763 1.491450 1.510000 
944 1.509999 1.354138 1.505120 1.510000 
945 1.510000 1.403836 1.543005 1.509999 
946 1.510000 1.448670 1.595539 1.510001 
947 1.510000 1.538604 1.568497 1.510000 
948 1.510000 1.634984 1.597575 1.510000 
949 1.510000 1.596729 1.492871 1.510000 
950 1.510000 1.681222 1.490232 1.510000 
951 1.510000 1.692532 1.530785 1.510000 
952 1.509999 1.564717 1.451426 1.510000 
953 1.510000 1.601676 1.483158 1.510001 
954 1.510000 1.526860 1.546025 1.510000 
955 1.510000 1.479222 1.551950 1.510000 
956 1.510000 1.432192 1.577133 1.509999 
957 1.510000 1.473245 1.589676 1.510000 
958 1.510000 1.471890 1.595033 1.510000 
959 1.510000 1.528713 1.613837 1.510000 
960 1.510000 1.551163 1.529126 1.510000 
961 1.510000 1.554028 1.551530 1.510000 
962 1.510000 1.621935 1.490443 1.510000 
963 1.509999 1.629784 1.477998 1.510000 
964 1.510000 1.601878 1.484683 1.510000 
965 1.509999 1.592454 1.410928 1.510000 
966 1.510000 1.635953 1.467611 1.510000 
967 1.509999 1.644651 1.502817 1.510000 
968 1.510000 1.603877 1.516309 1.510000 
969 1.510000 1.550351 1.545972 1.510000 
970 1.510000 1.491883 1.527578 1.510000 
971 1.510000 1.411188 1.556607 1.510000 
972 1.510000 1.478010 1.576739 1.510000 
973 1.510000 1.476062 1.639039 1.510000 
974 1.509999 1.477577 1.544243 1.510000 
975 1.510000 1.479076 1.532148 1.509999 
976 1.510000 1.481438 1.556888 1.510000 
977 1.510000 1.497062 1.507096 1.510000 
978 1.509999 1.500701 1.412219 1.510000 
979 1.509999 1.525132 1.362575 1.510000 
980 1.510000 1.474485 1.323457 1.510000 
981 1.510001 1.486977 1.346685 1.509999 
982 1.510000 1.435925 1.392104 1.510000 
983 1.509999 1.450393 1.397396 1.509999 
984 1.510000 1.484608 1.486323 1.510000 
985 1.510000 1.520296 1.528969 1.510000 
986 1.510000 1.547529 1.611485 1.510000 
987 1.510000 1.531429 1.625402 1.510000 
988 1.510000 1.568035 1.739348 1.510000 
989 1.509999 1.571076 1.733934 1.510000 
990 1.510000 1.536268 1.692626 1.510001 
991 1.510000 1.502498 1.618931 1.509999 
992 1.510000 1.420442 1.520975 1.510000 
993 1.510000 1.390442 1.372506 1.510000 
994 1.510000 1.430687 1.367452 1.510000 
995 1.509999 1.460806 1.397875 1.510000 
996 1.509999 1.538542 1.441581 1.510000 
997 1.509999 1.637601 1.488821 1.510000 
998 1.510000 1.718599 1.437430 1.510000 
999 1.510000 1.739964 1.562191 1.510000 
