        It                   T                   P               E_kin               E_pot               E_tot             Snapsh.
         0               0.018             0.00000             0.00722          -418.52129          -418.51407                   1
       100               0.823             0.00000             0.32631          -418.59656          -418.27025                   3
       200               1.539             0.00000             0.61021          -418.81236          -418.20214                   5
       300               2.791             0.00000             1.10643          -419.31059          -418.20416                   7
       400               4.133             0.00000             1.63853          -419.93789          -418.29936                   9
       500               5.621             0.00000             2.22829          -420.51318          -418.28489                  11
       600               7.880             0.00000             3.12397          -421.47663          -418.35266                  13
       700              11.401             0.00000             4.51990          -422.82822          -418.30831                  15
       800               9.871             0.00000             3.91332          -421.97840          -418.06508                  17
       900               9.010             0.00000             3.57218          -421.46703          -417.89485                  19
      1000               7.300             0.00000             2.89398          -420.82672          -417.93274                  21
      1100               7.442             0.00000             2.95022          -420.94225          -417.99204                  23
      1200               7.489             0.00000             2.96908          -421.12171          -418.15263                  25
      1300               8.818             0.00000             3.49592          -421.69521          -418.19929                  27
      1400               7.647             0.00000             3.03157          -421.11184          -418.08027                  29
      1500               6.313             0.00000             2.50291          -420.51332          -418.01041                  31
      1600               5.521             0.00000             2.18877          -420.24871          -418.05994                  33
      1700               7.601             0.00000             3.01324          -420.91499          -417.90174                  35
      1800               5.958             0.00000             2.36186          -420.05042          -417.68856                  37
      1900               5.529             0.00000             2.19191          -419.81417          -417.62226                  39
      2000               5.382             0.00000             2.13371          -419.47093          -417.33722                  41
      2100               6.177             0.00000             2.44868          -420.48538          -418.03671                  43
      2200               6.546             0.00000             2.59527          -420.74053          -418.14526                  45
      2300               5.597             0.00000             2.21877          -420.30105          -418.08228                  47
      2400               5.475             0.00000             2.17073          -420.28143          -418.11070                  49
      2500               6.631             0.00000             2.62890          -420.94429          -418.31539                  51
      2600               6.709             0.00000             2.65978          -420.70860          -418.04881                  53
      2700               6.480             0.00000             2.56894          -420.71613          -418.14718                  55
      2800               6.141             0.00000             2.43442          -420.53361          -418.09920                  57
      2900               6.880             0.00000             2.72759          -420.97314          -418.24556                  59
      3000               7.645             0.00000             3.03090          -421.44812          -418.41722                  61
      3100               9.108             0.00000             3.61099          -422.31723          -418.70624                  63
      3200               8.668             0.00000             3.43625          -422.67322          -419.23697                  65
      3300               8.608             0.00000             3.41265          -421.75621          -418.34356                  67
      3400               7.292             0.00000             2.89085          -421.11054          -418.21969                  69
      3500               9.073             0.00000             3.59714          -421.91558          -418.31844                  71
      3600               8.686             0.00000             3.44340          -422.27609          -418.83269                  73
      3700               8.415             0.00000             3.33608          -422.05141          -418.71533                  75
      3800               8.913             0.00000             3.53358          -422.19204          -418.65845                  77
      3900               9.694             0.00000             3.84299          -422.17774          -418.33474                  79
      4000               9.398             0.00000             3.72591          -422.23163          -418.50572                  81
      4100               7.567             0.00000             2.99993          -421.46209          -418.46215                  83
      4200               8.013             0.00000             3.17684          -421.35765          -418.18081                  85
      4300               8.267             0.00000             3.27758          -421.38350          -418.10592                  87
      4400               8.272             0.00000             3.27923          -421.70464          -418.42541                  89
      4500               6.620             0.00000             2.62467          -421.43266          -418.80799                  91
      4600               7.750             0.00000             3.07230          -421.59614          -418.52384                  93
      4700               7.299             0.00000             2.89355          -421.10495          -418.21139                  95
      4800               7.870             0.00000             3.11992          -421.14161          -418.02168                  97
      4900               7.900             0.00000             3.13211          -421.06032          -417.92822                  99
      5000               9.512             0.00000             3.77097          -422.31361          -418.54264                 101
      5100               7.808             0.00000             3.09543          -421.95047          -418.85503                 103
      5200               8.618             0.00000             3.41657          -422.11744          -418.70086                 105
      5300               7.028             0.00000             2.78609          -421.31033          -418.52423                 107
      5400               5.994             0.00000             2.37614          -420.71617          -418.34002                 109
      5500               7.732             0.00000             3.06535          -421.52925          -418.46389                 111
      5600               7.593             0.00000             3.01037          -421.84998          -418.83961                 113
      5700               9.042             0.00000             3.58470          -422.18237          -418.59767                 115
      5800               9.036             0.00000             3.58221          -421.88385          -418.30164                 117
      5900               9.624             0.00000             3.81525          -422.57843          -418.76318                 119
      6000               8.860             0.00000             3.51238          -422.32481          -418.81243                 121
      6100               8.133             0.00000             3.22447          -421.78468          -418.56022                 123
      6200               8.950             0.00000             3.54802          -421.74562          -418.19760                 125
      6300               7.007             0.00000             2.77794          -421.36236          -418.58442                 127
      6400               8.060             0.00000             3.19526          -421.54455          -418.34928                 129
      6500               8.015             0.00000             3.17769          -421.71990          -418.54221                 131
      6600               5.259             0.00000             2.08475          -420.32019          -418.23545                 133
      6700               6.071             0.00000             2.40671          -420.71656          -418.30985                 135
      6800               8.728             0.00000             3.46019          -421.77136          -418.31117                 137
      6900              10.006             0.00000             3.96669          -422.80009          -418.83340                 139
      7000               9.890             0.00000             3.92098          -422.59038          -418.66940                 141
      7100               8.602             0.00000             3.41014          -421.82767          -418.41753                 143
      7200               7.724             0.00000             3.06216          -421.44051          -418.37835                 145
      7300              10.216             0.00000             4.04993          -422.50781          -418.45788                 147
      7400              10.463             0.00000             4.14806          -422.98358          -418.83553                 149
      7500               7.210             0.00000             2.85856          -421.46666          -418.60810                 151
      7600               7.102             0.00000             2.81567          -421.17029          -418.35463                 153
      7700               7.249             0.00000             2.87397          -421.36261          -418.48865                 155
      7800               7.720             0.00000             3.06056          -421.33040          -418.26984                 157
      7900               7.358             0.00000             2.91717          -421.77593          -418.85876                 159
      8000               6.971             0.00000             2.76384          -421.49011          -418.72627                 161
      8100               7.385             0.00000             2.92773          -421.53200          -418.60426                 163
      8200               7.622             0.00000             3.02181          -421.76440          -418.74259                 165
      8300               8.454             0.00000             3.35173          -421.99014          -418.63841                 167
      8400               8.619             0.00000             3.41687          -421.99880          -418.58193                 169
      8500              10.359             0.00000             4.10660          -422.83342          -418.72681                 171
      8600               8.492             0.00000             3.36679          -422.01259          -418.64580                 173
      8700               6.912             0.00000             2.74015          -421.16805          -418.42790                 175
      8800               8.024             0.00000             3.18107          -421.54190          -418.36083                 177
      8900               7.304             0.00000             2.89573          -421.66084          -418.76511                 179
      9000               7.729             0.00000             3.06422          -421.74766          -418.68344                 181
      9100               9.248             0.00000             3.66645          -421.81886          -418.15241                 183
      9200               8.879             0.00000             3.52008          -421.96580          -418.44572                 185
      9300               5.726             0.00000             2.27017          -421.08266          -418.81249                 187
      9400               6.717             0.00000             2.66306          -421.29493          -418.63188                 189
      9500               9.414             0.00000             3.73214          -422.13432          -418.40218                 191
      9600               8.827             0.00000             3.49944          -422.01935          -418.51991                 193
      9700               8.946             0.00000             3.54661          -421.67611          -418.12950                 195
      9800               9.600             0.00000             3.80609          -422.23024          -418.42415                 197
      9900               9.215             0.00000             3.65326          -422.56057          -418.90731                 199
     10000               8.231             0.00000             3.26330          -421.91019          -418.64689                 201
     10100               8.637             0.00000             3.42423          -422.14251          -418.71828                 203
     10200               7.832             0.00000             3.10504          -421.92059          -418.81555                 205
     10300               6.632             0.00000             2.62912          -421.46459          -418.83548                 207
     10400               8.371             0.00000             3.31863          -421.53581          -418.21719                 209
     10500               7.412             0.00000             2.93861          -420.99939          -418.06078                 211
     10600               8.240             0.00000             3.26667          -421.94795          -418.68128                 213
     10700               8.034             0.00000             3.18492          -421.78495          -418.60003                 215
     10800               7.858             0.00000             3.11527          -421.71006          -418.59479                 217
     10900               8.291             0.00000             3.28682          -421.78018          -418.49336                 219
     11000               7.139             0.00000             2.83043          -421.23038          -418.39996                 221
     11100               7.446             0.00000             2.95191          -421.23612          -418.28421                 223
     11200               9.013             0.00000             3.57313          -421.93098          -418.35785                 225
     11300               9.579             0.00000             3.79743          -422.39117          -418.59374                 227
     11400               9.089             0.00000             3.60317          -422.39100          -418.78782                 229
     11500               7.358             0.00000             2.91721          -421.58008          -418.66287                 231
     11600               7.885             0.00000             3.12591          -421.24152          -418.11561                 233
     11700               7.438             0.00000             2.94873          -421.24298          -418.29425                 235
     11800               9.198             0.00000             3.64646          -422.22616          -418.57970                 237
     11900               8.519             0.00000             3.37739          -422.04573          -418.66834                 239
     12000               7.705             0.00000             3.05467          -421.91277          -418.85810                 241
     12100               9.356             0.00000             3.70898          -422.50306          -418.79408                 243
     12200               8.139             0.00000             3.22664          -422.14200          -418.91536                 245
     12300               8.512             0.00000             3.37445          -421.62704          -418.25260                 247
     12400               9.327             0.00000             3.69765          -421.98820          -418.29055                 249
     12500               5.889             0.00000             2.33452          -420.53977          -418.20525                 251
     12600               9.096             0.00000             3.60609          -421.68855          -418.08247                 253
     12700               7.519             0.00000             2.98083          -421.70933          -418.72850                 255
     12800               7.277             0.00000             2.88511          -421.91095          -419.02584                 257
     12900               8.125             0.00000             3.22110          -421.76894          -418.54784                 259
     13000               7.960             0.00000             3.15565          -422.01005          -418.85440                 261
     13100               8.418             0.00000             3.33743          -421.92553          -418.58809                 263
     13200               7.923             0.00000             3.14123          -421.48613          -418.34490                 265
     13300               8.948             0.00000             3.54733          -421.94590          -418.39857                 267
     13400               7.871             0.00000             3.12047          -421.44956          -418.32909                 269
     13500               9.813             0.00000             3.89048          -422.65017          -418.75970                 271
     13600               7.490             0.00000             2.96955          -421.83957          -418.87002                 273
     13700               8.184             0.00000             3.24442          -421.67228          -418.42786                 275
     13800               7.696             0.00000             3.05108          -421.34514          -418.29406                 277
     13900               8.199             0.00000             3.25057          -421.53263          -418.28206                 279
     14000               7.965             0.00000             3.15780          -421.82589          -418.66809                 281
     14100               7.892             0.00000             3.12873          -421.69884          -418.57011                 283
     14200               7.955             0.00000             3.15381          -421.70911          -418.55530                 285
     14300               9.099             0.00000             3.60732          -422.23838          -418.63106                 287
     14400               8.601             0.00000             3.40998          -422.25210          -418.84212                 289
     14500               8.690             0.00000             3.44510          -421.82249          -418.37738                 291
     14600               9.602             0.00000             3.80651          -422.38242          -418.57590                 293
     14700               7.360             0.00000             2.91775          -421.13520          -418.21745                 295
     14800               8.690             0.00000             3.44518          -422.11758          -418.67240                 297
     14900               7.495             0.00000             2.97142          -421.59031          -418.61890                 299
     15000               8.116             0.00000             3.21761          -421.71855          -418.50094                 301
     15100               8.864             0.00000             3.51410          -422.15764          -418.64354                 303
     15200               6.783             0.00000             2.68899          -421.23935          -418.55036                 305
     15300               8.040             0.00000             3.18737          -421.99778          -418.81041                 307
     15400               8.757             0.00000             3.47150          -422.01267          -418.54117                 309
     15500               7.646             0.00000             3.03132          -421.66455          -418.63323                 311
     15600               8.024             0.00000             3.18120          -422.13299          -418.95180                 313
     15700               8.445             0.00000             3.34819          -421.96720          -418.61902                 315
     15800               8.363             0.00000             3.31567          -421.87004          -418.55437                 317
     15900               8.909             0.00000             3.53210          -421.80027          -418.26817                 319
     16000               9.046             0.00000             3.58645          -421.87049          -418.28404                 321
     16100               7.492             0.00000             2.97031          -421.65245          -418.68214                 323
     16200               9.075             0.00000             3.59771          -422.39831          -418.80060                 325
     16300               7.315             0.00000             2.89989          -421.36082          -418.46093                 327
     16400               7.246             0.00000             2.87267          -421.26349          -418.39081                 329
     16500               8.048             0.00000             3.19051          -421.75876          -418.56825                 331
     16600               8.068             0.00000             3.19837          -421.76836          -418.56999                 333
     16700               8.960             0.00000             3.55212          -421.93238          -418.38025                 335
     16800               7.031             0.00000             2.78753          -420.72466          -417.93713                 337
     16900               8.531             0.00000             3.38217          -421.95509          -418.57292                 339
     17000               8.663             0.00000             3.43427          -422.36648          -418.93222                 341
     17100               8.553             0.00000             3.39069          -421.95099          -418.56030                 343
     17200               7.971             0.00000             3.16026          -421.86120          -418.70095                 345
     17300               8.336             0.00000             3.30465          -421.98016          -418.67551                 347
     17400               7.795             0.00000             3.09030          -422.02540          -418.93510                 349
     17500               8.344             0.00000             3.30779          -421.98985          -418.68206                 351
     17600               7.921             0.00000             3.14044          -421.64399          -418.50355                 353
     17700               7.430             0.00000             2.94552          -421.58799          -418.64247                 355
     17800               7.701             0.00000             3.05293          -421.31951          -418.26658                 357
     17900               8.951             0.00000             3.54842          -421.95113          -418.40272                 359
     18000               7.219             0.00000             2.86182          -421.33893          -418.47711                 361
     18100               7.668             0.00000             3.04014          -421.94547          -418.90533                 363
     18200               7.635             0.00000             3.02675          -422.04469          -419.01794                 365
     18300               8.774             0.00000             3.47855          -422.19152          -418.71297                 367
     18400               8.997             0.00000             3.56682          -422.08576          -418.51894                 369
     18500               9.132             0.00000             3.62055          -422.55454          -418.93399                 371
     18600               7.824             0.00000             3.10190          -421.63188          -418.52998                 373
     18700               7.891             0.00000             3.12819          -421.26220          -418.13401                 375
     18800               8.668             0.00000             3.43636          -421.72356          -418.28720                 377
     18900               8.798             0.00000             3.48777          -422.15425          -418.66648                 379
     19000               6.709             0.00000             2.65960          -421.34822          -418.68862                 381
     19100               6.948             0.00000             2.75435          -421.41623          -418.66188                 383
     19200               7.600             0.00000             3.01309          -421.70304          -418.68995                 385
     19300               8.807             0.00000             3.49154          -422.03298          -418.54143                 387
     19400               8.392             0.00000             3.32688          -421.57754          -418.25066                 389
     19500               9.415             0.00000             3.73246          -422.22118          -418.48872                 391
     19600               7.197             0.00000             2.85310          -421.71501          -418.86191                 393
     19700               8.056             0.00000             3.19390          -421.48788          -418.29397                 395
     19800               7.537             0.00000             2.98804          -421.58893          -418.60089                 397
     19900               9.356             0.00000             3.70897          -422.45087          -418.74190                 399
     20000               7.498             0.00000             2.97259          -421.59843          -418.62584                 401
     20100               7.169             0.00000             2.84202          -421.59613          -418.75411                 403
     20200               8.186             0.00000             3.24528          -421.87379          -418.62851                 405
     20300               8.316             0.00000             3.29692          -421.91666          -418.61975                 407
     20400               9.223             0.00000             3.65640          -422.20131          -418.54490                 409
     20500               8.240             0.00000             3.26660          -421.68792          -418.42132                 411
     20600               7.498             0.00000             2.97262          -421.97612          -419.00349                 413
     20700               9.385             0.00000             3.72056          -422.50657          -418.78602                 415
     20800               8.033             0.00000             3.18471          -421.80509          -418.62038                 417
     20900               8.401             0.00000             3.33064          -421.75248          -418.42184                 419
     21000               6.032             0.00000             2.39141          -420.77682          -418.38540                 421
     21100               8.854             0.00000             3.51006          -422.03323          -418.52317                 423
     21200               8.074             0.00000             3.20108          -421.81596          -418.61489                 425
     21300               7.826             0.00000             3.10253          -421.77861          -418.67609                 427
     21400               7.193             0.00000             2.85179          -421.30840          -418.45662                 429
     21500               7.526             0.00000             2.98357          -421.14970          -418.16613                 431
     21600               7.899             0.00000             3.13153          -421.58843          -418.45691                 433
     21700               9.705             0.00000             3.84746          -422.37642          -418.52896                 435
     21800               9.003             0.00000             3.56934          -422.05289          -418.48355                 437
     21900               8.693             0.00000             3.44628          -422.23641          -418.79013                 439
     22000               7.964             0.00000             3.15741          -422.16839          -419.01097                 441
     22100               8.302             0.00000             3.29129          -421.85554          -418.56425                 443
     22200               6.962             0.00000             2.76013          -421.07870          -418.31857                 445
     22300               7.750             0.00000             3.07249          -421.71147          -418.63898                 447
     22400               8.565             0.00000             3.39545          -422.20669          -418.81125                 449
     22500               7.433             0.00000             2.94678          -421.50015          -418.55337                 451
     22600               8.178             0.00000             3.24226          -422.15256          -418.91030                 453
     22700               7.957             0.00000             3.15446          -421.99758          -418.84311                 455
     22800               8.295             0.00000             3.28860          -421.76272          -418.47411                 457
     22900               7.907             0.00000             3.13487          -421.63729          -418.50242                 459
     23000               7.620             0.00000             3.02094          -421.40395          -418.38301                 461
     23100               9.664             0.00000             3.83108          -422.09362          -418.26253                 463
     23200               8.063             0.00000             3.19655          -421.79958          -418.60303                 465
     23300               7.685             0.00000             3.04685          -421.88546          -418.83861                 467
     23400               8.153             0.00000             3.23238          -421.88677          -418.65439                 469
     23500               8.230             0.00000             3.26257          -421.70045          -418.43788                 471
     23600               7.757             0.00000             3.07520          -421.62191          -418.54671                 473
     23700               9.373             0.00000             3.71577          -422.40798          -418.69221                 475
     23800               6.926             0.00000             2.74587          -421.41715          -418.67128                 477
     23900               8.635             0.00000             3.42343          -422.30873          -418.88530                 479
     24000               8.349             0.00000             3.30978          -422.23243          -418.92265                 481
     24100               7.447             0.00000             2.95236          -421.48875          -418.53639                 483
     24200               9.052             0.00000             3.58883          -422.17573          -418.58690                 485
     24300               9.316             0.00000             3.69317          -422.41320          -418.72003                 487
     24400               7.368             0.00000             2.92112          -421.40087          -418.47975                 489
     24500               7.510             0.00000             2.97713          -421.29644          -418.31931                 491
     24600               7.955             0.00000             3.15378          -421.74136          -418.58758                 493
     24700               8.511             0.00000             3.37405          -422.18334          -418.80929                 495
     24800               8.115             0.00000             3.21702          -421.82166          -418.60464                 497
     24900               6.851             0.00000             2.71626          -421.22748          -418.51122                 499
     25000               9.092             0.00000             3.60466          -422.01745          -418.41279                 501
     25100               7.697             0.00000             3.05130          -421.79525          -418.74395                 503
     25200               9.440             0.00000             3.74260          -422.15955          -418.41695                 505
     25300               8.636             0.00000             3.42382          -422.03273          -418.60891                 507
     25400               8.346             0.00000             3.30869          -421.94034          -418.63165                 509
     25500               7.139             0.00000             2.83044          -421.51168          -418.68124                 511
     25600               8.013             0.00000             3.17656          -421.81686          -418.64029                 513
     25700               7.467             0.00000             2.96011          -421.39709          -418.43698                 515
     25800               8.559             0.00000             3.39328          -421.88184          -418.48856                 517
     25900               7.152             0.00000             2.83520          -421.42149          -418.58628                 519
     26000               8.066             0.00000             3.19768          -421.71290          -418.51522                 521
     26100               8.711             0.00000             3.45365          -422.18805          -418.73440                 523
     26200               6.936             0.00000             2.74977          -421.06315          -418.31339                 525
     26300               8.652             0.00000             3.42990          -421.83335          -418.40345                 527
     26400               9.157             0.00000             3.63013          -422.36354          -418.73340                 529
     26500               7.862             0.00000             3.11679          -421.72085          -418.60407                 531
     26600               7.784             0.00000             3.08595          -421.43078          -418.34484                 533
     26700               7.850             0.00000             3.11202          -421.65098          -418.53896                 535
     26800               8.458             0.00000             3.35313          -422.32066          -418.96752                 537
     26900               7.275             0.00000             2.88428          -421.54899          -418.66471                 539
     27000               6.365             0.00000             2.52344          -421.15979          -418.63635                 541
     27100               9.599             0.00000             3.80538          -422.67468          -418.86930                 543
     27200               8.188             0.00000             3.24618          -421.88879          -418.64261                 545
     27300               7.291             0.00000             2.89042          -421.27479          -418.38438                 547
     27400               7.096             0.00000             2.81326          -421.45791          -418.64465                 549
     27500               8.540             0.00000             3.38576          -421.79653          -418.41077                 551
     27600               9.165             0.00000             3.63342          -422.30736          -418.67394                 553
     27700               7.246             0.00000             2.87277          -421.46939          -418.59662                 555
     27800               8.948             0.00000             3.54753          -422.20800          -418.66046                 557
     27900               8.196             0.00000             3.24915          -421.80414          -418.55499                 559
     28000               8.477             0.00000             3.36055          -422.16271          -418.80216                 561
     28100               8.149             0.00000             3.23071          -421.92297          -418.69225                 563
     28200               7.545             0.00000             2.99111          -421.37496          -418.38384                 565
     28300               8.694             0.00000             3.44679          -421.49378          -418.04699                 567
     28400               7.242             0.00000             2.87094          -421.23193          -418.36098                 569
     28500               6.409             0.00000             2.54081          -421.12259          -418.58178                 571
     28600               7.314             0.00000             2.89965          -421.59300          -418.69335                 573
     28700               8.177             0.00000             3.24178          -421.83586          -418.59408                 575
     28800               9.204             0.00000             3.64889          -422.01840          -418.36952                 577
     28900               9.502             0.00000             3.76701          -422.39694          -418.62993                 579
     29000               7.577             0.00000             3.00392          -421.72954          -418.72562                 581
     29100               9.315             0.00000             3.69294          -422.44839          -418.75545                 583
     29200               8.554             0.00000             3.39110          -421.97879          -418.58769                 585
     29300               9.149             0.00000             3.62729          -422.55282          -418.92553                 587
     29400               8.378             0.00000             3.32163          -421.87302          -418.55139                 589
     29500               9.576             0.00000             3.79631          -422.32202          -418.52570                 591
     29600               8.159             0.00000             3.23462          -421.51013          -418.27551                 593
     29700               8.105             0.00000             3.21314          -421.59499          -418.38184                 595
     29800               6.948             0.00000             2.75439          -421.36961          -418.61521                 597
     29900               8.522             0.00000             3.37859          -422.11664          -418.73805                 599
     30000               8.641             0.00000             3.42577          -421.93408          -418.50831                 601
     30100               8.504             0.00000             3.37133          -422.19529          -418.82397                 603
     30200               7.477             0.00000             2.96405          -421.63034          -418.66630                 605
     30300               8.582             0.00000             3.40251          -422.05484          -418.65233                 607
     30400               8.283             0.00000             3.28382          -421.81755          -418.53373                 609
     30500               7.787             0.00000             3.08709          -421.50469          -418.41760                 611
     30600               8.377             0.00000             3.32097          -422.18505          -418.86408                 613
     30700               7.724             0.00000             3.06209          -421.74094          -418.67885                 615
     30800               8.057             0.00000             3.19405          -421.92925          -418.73521                 617
     30900               6.859             0.00000             2.71933          -421.09378          -418.37445                 619
     31000               8.367             0.00000             3.31701          -421.89461          -418.57760                 621
     31100               7.974             0.00000             3.16112          -421.92235          -418.76123                 623
     31200               9.142             0.00000             3.62438          -422.14776          -418.52339                 625
     31300               7.949             0.00000             3.15118          -421.19528          -418.04410                 627
     31400               7.616             0.00000             3.01950          -421.41445          -418.39494                 629
     31500               7.901             0.00000             3.13227          -421.61041          -418.47814                 631
     31600               8.688             0.00000             3.44450          -421.99015          -418.54565                 633
     31700               8.089             0.00000             3.20692          -422.03174          -418.82482                 635
     31800               7.988             0.00000             3.16669          -422.25675          -419.09005                 637
     31900               7.763             0.00000             3.07745          -421.84323          -418.76578                 639
     32000               7.268             0.00000             2.88151          -421.61876          -418.73726                 641
     32100               7.142             0.00000             2.83147          -421.26373          -418.43226                 643
     32200               7.442             0.00000             2.95049          -421.57693          -418.62644                 645
     32300               7.197             0.00000             2.85318          -421.28837          -418.43520                 647
     32400               8.335             0.00000             3.30439          -422.06227          -418.75788                 649
     32500               8.740             0.00000             3.46492          -421.89251          -418.42759                 651
     32600               9.458             0.00000             3.74956          -422.30167          -418.55211                 653
     32700               7.592             0.00000             3.00970          -421.97540          -418.96571                 655
     32800               8.518             0.00000             3.37696          -422.20403          -418.82707                 657
     32900               7.978             0.00000             3.16288          -421.74391          -418.58103                 659
     33000               7.390             0.00000             2.92974          -421.42341          -418.49366                 661
     33100               8.080             0.00000             3.20323          -421.74625          -418.54302                 663
     33200               7.452             0.00000             2.95434          -421.56492          -418.61058                 665
     33300               8.083             0.00000             3.20438          -422.00377          -418.79939                 667
     33400               8.684             0.00000             3.44272          -422.03020          -418.58748                 669
     33500               8.826             0.00000             3.49897          -421.96621          -418.46724                 671
     33600               8.721             0.00000             3.45732          -422.01836          -418.56105                 673
     33700               8.720             0.00000             3.45702          -422.15541          -418.69839                 675
     33800               7.188             0.00000             2.84947          -421.22243          -418.37296                 677
     33900               8.818             0.00000             3.49593          -422.06572          -418.56978                 679
     34000               7.849             0.00000             3.11187          -421.71128          -418.59941                 681
     34100               8.886             0.00000             3.52276          -422.15605          -418.63329                 683
     34200               6.560             0.00000             2.60063          -421.12097          -418.52034                 685
     34300               6.971             0.00000             2.76377          -421.59644          -418.83267                 687
     34400               8.638             0.00000             3.42446          -422.02430          -418.59985                 689
     34500               7.957             0.00000             3.15439          -421.90631          -418.75191                 691
     34600               8.578             0.00000             3.40063          -421.54833          -418.14770                 693
     34700               7.540             0.00000             2.98928          -421.59704          -418.60776                 695
     34800               8.677             0.00000             3.44013          -422.09505          -418.65491                 697
     34900               8.577             0.00000             3.40032          -422.13081          -418.73050                 699
     35000               8.641             0.00000             3.42585          -422.01300          -418.58715                 701
     35100               8.497             0.00000             3.36843          -421.66499          -418.29656                 703
     35200               7.605             0.00000             3.01498          -421.47831          -418.46332                 705
     35300               7.100             0.00000             2.81479          -421.20927          -418.39449                 707
     35400               7.849             0.00000             3.11162          -421.93300          -418.82137                 709
     35500               8.996             0.00000             3.56648          -421.86065          -418.29417                 711
     35600               8.984             0.00000             3.56159          -422.09880          -418.53722                 713
     35700               9.023             0.00000             3.57713          -422.54268          -418.96555                 715
     35800               7.129             0.00000             2.82619          -421.48949          -418.66330                 717
     35900               9.127             0.00000             3.61827          -422.29661          -418.67834                 719
     36000               8.203             0.00000             3.25196          -421.73678          -418.48482                 721
     36100               8.839             0.00000             3.50409          -422.02067          -418.51658                 723
     36200               7.922             0.00000             3.14046          -421.62952          -418.48906                 725
     36300               7.586             0.00000             3.00736          -421.39255          -418.38520                 727
     36400               8.607             0.00000             3.41215          -422.10167          -418.68952                 729
     36500               7.303             0.00000             2.89532          -421.49522          -418.59990                 731
     36600               7.849             0.00000             3.11177          -421.73468          -418.62291                 733
     36700               8.426             0.00000             3.34028          -422.29432          -418.95404                 735
     36800               8.102             0.00000             3.21204          -421.80386          -418.59182                 737
     36900               8.211             0.00000             3.25537          -422.09103          -418.83566                 739
     37000               7.094             0.00000             2.81235          -421.25620          -418.44385                 741
     37100               7.251             0.00000             2.87474          -421.28512          -418.41038                 743
     37200               8.186             0.00000             3.24531          -421.60470          -418.35939                 745
     37300               8.028             0.00000             3.18266          -421.98211          -418.79945                 747
     37400               8.054             0.00000             3.19293          -421.77773          -418.58480                 749
     37500               8.279             0.00000             3.28229          -422.06571          -418.78343                 751
     37600               7.225             0.00000             2.86416          -421.61280          -418.74864                 753
     37700               7.925             0.00000             3.14192          -421.32446          -418.18255                 755
     37800               7.730             0.00000             3.06459          -421.71191          -418.64732                 757
     37900               7.941             0.00000             3.14801          -421.59932          -418.45131                 759
     38000               7.466             0.00000             2.95978          -421.24005          -418.28027                 761
     38100               7.751             0.00000             3.07278          -421.32836          -418.25558                 763
     38200               7.930             0.00000             3.14400          -421.83033          -418.68633                 765
     38300               7.811             0.00000             3.09665          -422.07324          -418.97658                 767
     38400               8.742             0.00000             3.46571          -422.28151          -418.81580                 769
     38500               8.101             0.00000             3.21145          -421.74209          -418.53064                 771
     38600               7.689             0.00000             3.04841          -421.61848          -418.57007                 773
     38700               8.222             0.00000             3.25953          -421.72664          -418.46711                 775
     38800               8.962             0.00000             3.55294          -422.26257          -418.70964                 777
     38900               8.539             0.00000             3.38508          -422.34216          -418.95708                 779
     39000               8.088             0.00000             3.20632          -421.64753          -418.44121                 781
     39100               7.008             0.00000             2.77850          -421.49893          -418.72043                 783
     39200               7.902             0.00000             3.13256          -421.85909          -418.72653                 785
     39300               8.277             0.00000             3.28149          -421.42484          -418.14335                 787
     39400               7.595             0.00000             3.01100          -421.67915          -418.66814                 789
     39500               7.775             0.00000             3.08237          -421.58867          -418.50630                 791
     39600               8.819             0.00000             3.49624          -422.53323          -419.03699                 793
     39700               7.748             0.00000             3.07167          -422.15181          -419.08014                 795
     39800               8.504             0.00000             3.37147          -422.13541          -418.76395                 797
     39900               8.555             0.00000             3.39147          -421.98306          -418.59159                 799
     40000               8.281             0.00000             3.28315          -421.74608          -418.46293                 801
     40100               9.496             0.00000             3.76476          -422.04672          -418.28197                 803
     40200               7.520             0.00000             2.98144          -421.41505          -418.43361                 805
     40300               8.709             0.00000             3.45251          -421.98185          -418.52933                 807
     40400               8.849             0.00000             3.50830          -422.19501          -418.68671                 809
     40500               8.293             0.00000             3.28758          -421.90279          -418.61522                 811
     40600               7.785             0.00000             3.08652          -421.42017          -418.33366                 813
     40700               7.472             0.00000             2.96221          -421.67486          -418.71265                 815
     40800               9.445             0.00000             3.74451          -422.45623          -418.71171                 817
     40900               9.913             0.00000             3.93006          -422.55929          -418.62922                 819
     41000               8.131             0.00000             3.22368          -421.72288          -418.49920                 821
     41100               8.371             0.00000             3.31869          -421.54355          -418.22486                 823
     41200               8.802             0.00000             3.48953          -421.83774          -418.34821                 825
     41300               7.971             0.00000             3.16010          -421.77296          -418.61286                 827
     41400               9.366             0.00000             3.71318          -422.10232          -418.38914                 829
     41500               7.515             0.00000             2.97943          -421.78346          -418.80403                 831
     41600               9.609             0.00000             3.80948          -422.77541          -418.96592                 833
     41700               8.163             0.00000             3.23612          -422.29986          -419.06374                 835
     41800               7.233             0.00000             2.86767          -421.41072          -418.54306                 837
     41900              10.076             0.00000             3.99475          -422.35435          -418.35960                 839
     42000               8.917             0.00000             3.53512          -421.80687          -418.27174                 841
     42100               8.404             0.00000             3.33171          -421.85052          -418.51881                 843
     42200               7.887             0.00000             3.12694          -421.66676          -418.53981                 845
     42300               7.334             0.00000             2.90746          -421.42800          -418.52053                 847
     42400               8.849             0.00000             3.50801          -422.12820          -418.62019                 849
     42500               8.097             0.00000             3.21020          -421.75854          -418.54834                 851
     42600               8.859             0.00000             3.51194          -422.39945          -418.88752                 853
     42700               7.719             0.00000             3.06022          -421.68476          -418.62454                 855
     42800               8.630             0.00000             3.42150          -421.93536          -418.51386                 857
     42900               8.231             0.00000             3.26331          -421.78297          -418.51967                 859
     43000               8.100             0.00000             3.21113          -421.97009          -418.75896                 861
     43100               8.097             0.00000             3.20986          -421.82406          -418.61420                 863
     43200               9.357             0.00000             3.70956          -422.54589          -418.83633                 865
     43300               7.897             0.00000             3.13086          -421.35767          -418.22681                 867
     43400               8.426             0.00000             3.34046          -421.87577          -418.53531                 869
     43500               7.002             0.00000             2.77588          -421.39050          -418.61462                 871
     43600               8.672             0.00000             3.43807          -421.76811          -418.33003                 873
     43700               8.690             0.00000             3.44496          -422.12566          -418.68070                 875
     43800               6.928             0.00000             2.74665          -421.65222          -418.90557                 877
     43900               8.187             0.00000             3.24589          -421.89527          -418.64938                 879
     44000               7.353             0.00000             2.91504          -421.50786          -418.59282                 881
     44100               6.773             0.00000             2.68525          -421.39074          -418.70549                 883
     44200               7.430             0.00000             2.94571          -421.50275          -418.55704                 885
     44300               8.608             0.00000             3.41274          -421.56044          -418.14770                 887
     44400               7.822             0.00000             3.10119          -421.45598          -418.35479                 889
     44500               7.408             0.00000             2.93681          -421.36007          -418.42325                 891
     44600               7.487             0.00000             2.96825          -421.44714          -418.47889                 893
     44700               8.998             0.00000             3.56733          -422.25747          -418.69014                 895
     44800               8.232             0.00000             3.26363          -421.89103          -418.62740                 897
     44900               8.130             0.00000             3.22330          -421.80475          -418.58145                 899
     45000               8.788             0.00000             3.48394          -422.09356          -418.60962                 901
     45100               7.912             0.00000             3.13680          -421.78548          -418.64868                 903
     45200               7.745             0.00000             3.07038          -421.54281          -418.47243                 905
     45300               8.180             0.00000             3.24305          -422.06654          -418.82349                 907
     45400               7.982             0.00000             3.16441          -421.78511          -418.62070                 909
     45500               9.037             0.00000             3.58272          -422.43929          -418.85657                 911
     45600               8.537             0.00000             3.38437          -421.92531          -418.54094                 913
     45700               8.640             0.00000             3.42533          -422.06502          -418.63970                 915
     45800               7.971             0.00000             3.16021          -421.37343          -418.21322                 917
     45900               9.497             0.00000             3.76503          -422.11637          -418.35134                 919
     46000               8.086             0.00000             3.20549          -421.76859          -418.56310                 921
     46100               7.858             0.00000             3.11540          -421.82501          -418.70961                 923
     46200               7.874             0.00000             3.12159          -421.77158          -418.64999                 925
     46300               8.777             0.00000             3.47966          -422.51097          -419.03131                 927
     46400               8.320             0.00000             3.29846          -421.97127          -418.67280                 929
     46500               7.488             0.00000             2.96866          -421.51343          -418.54477                 931
     46600               8.142             0.00000             3.22800          -421.88986          -418.66187                 933
     46700               9.277             0.00000             3.67777          -422.49554          -418.81778                 935
     46800               7.342             0.00000             2.91058          -421.50136          -418.59078                 937
     46900               8.617             0.00000             3.41630          -421.91566          -418.49936                 939
     47000               8.497             0.00000             3.36844          -421.81261          -418.44416                 941
     47100               7.506             0.00000             2.97588          -421.29521          -418.31933                 943
     47200               7.959             0.00000             3.15541          -421.85375          -418.69835                 945
     47300               7.850             0.00000             3.11219          -421.69758          -418.58539                 947
     47400               8.260             0.00000             3.27478          -421.82919          -418.55442                 949
     47500               7.741             0.00000             3.06880          -421.92192          -418.85312                 951
     47600               8.432             0.00000             3.34286          -421.80812          -418.46526                 953
     47700               8.807             0.00000             3.49149          -421.89515          -418.40366                 955
     47800               8.637             0.00000             3.42402          -421.90277          -418.47874                 957
     47900               7.917             0.00000             3.13866          -421.82128          -418.68262                 959
     48000               8.079             0.00000             3.20282          -421.54647          -418.34365                 961
     48100               8.825             0.00000             3.49875          -422.02014          -418.52138                 963
     48200               7.848             0.00000             3.11132          -421.96969          -418.85836                 965
     48300               8.221             0.00000             3.25925          -421.99205          -418.73279                 967
     48400               7.679             0.00000             3.04424          -421.80076          -418.75652                 969
     48500               8.120             0.00000             3.21903          -421.91738          -418.69835                 971
     48600               7.188             0.00000             2.84978          -421.66938          -418.81960                 973
     48700               7.681             0.00000             3.04496          -421.13686          -418.09190                 975
     48800               7.309             0.00000             2.89750          -421.34701          -418.44950                 977
     48900               7.942             0.00000             3.14854          -421.44817          -418.29963                 979
     49000               8.494             0.00000             3.36740          -422.14943          -418.78204                 981
     49100               8.870             0.00000             3.51651          -422.08487          -418.56836                 983
     49200               8.186             0.00000             3.24540          -422.07426          -418.82887                 985
     49300               8.635             0.00000             3.42334          -422.32130          -418.89795                 987
     49400               7.598             0.00000             3.01235          -421.80640          -418.79405                 989
     49500               7.971             0.00000             3.16011          -421.71254          -418.55243                 991
     49600               9.174             0.00000             3.63692          -422.09726          -418.46034                 993
     49700               7.297             0.00000             2.89288          -421.35525          -418.46238                 995
     49800               7.363             0.00000             2.91893          -421.46525          -418.54631                 997
     49900               7.794             0.00000             3.08992          -421.48298          -418.39306                 999
