Equilibration for Lambda =  0  and dLambda =  0.1
         1.8171         1.5900        -0.0340        -0.0448       300.0000        -0.2379         0.0000
         1.7855         1.5623        -0.0631        -0.0751       300.0000        -0.2352         0.0000
         1.8169         1.5897         0.1382         0.1278       300.0000        -0.2375         0.0000
         1.7535         1.5343         0.0409         0.0268       300.0000        -0.2333         0.0000
         1.7990         1.5741         0.0254         0.0150       300.0000        -0.2353         0.0000
         1.7877         1.5642        -0.0098        -0.0196       300.0000        -0.2333         0.0000
         1.7653         1.5446        -0.0265        -0.0341       300.0000        -0.2282         0.0000
         1.7637         1.5432         0.0974         0.0860       300.0000        -0.2319         0.0000
         1.7653         1.5446        -0.0731        -0.0843       300.0000        -0.2318         0.0000
         1.8177         1.5905        -0.0069        -0.0158       300.0000        -0.2362         0.0000
         1.8143         1.5875         0.0435         0.0327       300.0000        -0.2376         0.0000
         1.8314         1.6025         0.0465         0.0328       300.0000        -0.2427         0.0000
         1.8278         1.5994         0.0641         0.0559       300.0000        -0.2367         0.0000
         1.8212         1.5935         0.2195         0.2083       300.0000        -0.2388         0.0000
         1.7894         1.5657        -0.0163        -0.0229       300.0000        -0.2303         0.0000
         1.7882         1.5647        -0.0235        -0.0329       300.0000        -0.2329         0.0000
         1.8636         1.6306         0.2156         0.2049       300.0000        -0.2436         0.0000
         1.7878         1.5643         0.0435         0.0305       300.0000        -0.2365         0.0000
         1.8203         1.5927         0.0227         0.0150       300.0000        -0.2353         0.0000
         1.7861         1.5628        -0.0414        -0.0547       300.0000        -0.2366         0.0000
Starting new data collection with values:  0   0.1
         1.8238         1.5958         0.0031        -0.0080       300.0000        -0.2391        -0.2391
         1.7692         1.5480        -0.0639        -0.0768       300.0000        -0.2340        -0.2383
         1.8050         1.5793        -0.0381        -0.0516       300.0000        -0.2391        -0.2385
         1.8035         1.5780        -0.0368        -0.0506       300.0000        -0.2393        -0.2386
         1.8183         1.5910        -0.0297        -0.0433       300.0000        -0.2409        -0.2387
         1.8344         1.6051         0.0249         0.0116       300.0000        -0.2426        -0.2387
         1.8232         1.5953        -0.0251        -0.0368       300.0000        -0.2396        -0.2387
         1.7907         1.5668        -0.0336        -0.0468       300.0000        -0.2371        -0.2387
         1.7979         1.5731        -0.0584        -0.0720       300.0000        -0.2384        -0.2388
         1.8362         1.6066         0.0007        -0.0125       300.0000        -0.2426        -0.2388
         1.8049         1.5793        -0.0501        -0.0638       300.0000        -0.2394        -0.2388
         1.7676         1.5467        -0.0697        -0.0832       300.0000        -0.2345        -0.2388
         1.7865         1.5632        -0.0636        -0.0769       300.0000        -0.2366        -0.2388
         1.8087         1.5826        -0.0354        -0.0485       300.0000        -0.2392        -0.2388
         1.8266         1.5983        -0.0348        -0.0479       300.0000        -0.2415        -0.2388
         1.8046         1.5790        -0.0439        -0.0573       300.0000        -0.2390        -0.2388
         1.7973         1.5726        -0.0424        -0.0558       300.0000        -0.2381        -0.2388
         1.7881         1.5646        -0.0662        -0.0800       300.0000        -0.2373        -0.2388
         1.7879         1.5644        -0.0630        -0.0764       300.0000        -0.2368        -0.2389
         1.8124         1.5858        -0.0363        -0.0494       300.0000        -0.2397        -0.2389
         1.7983         1.5735        -0.0530        -0.0666       300.0000        -0.2384        -0.2389
         1.7810         1.5584        -0.0681        -0.0811       300.0000        -0.2356        -0.2389
         1.7961         1.5716        -0.0428        -0.0566       300.0000        -0.2383        -0.2389
         1.8196         1.5922        -0.0389        -0.0524       300.0000        -0.2410        -0.2389
         1.7989         1.5740        -0.0360        -0.0494       300.0000        -0.2383        -0.2389
         1.8063         1.5805        -0.0403        -0.0544       300.0000        -0.2398        -0.2389
         1.7719         1.5504        -0.0697        -0.0836       300.0000        -0.2354        -0.2389
         1.8007         1.5756        -0.0521        -0.0655       300.0000        -0.2385        -0.2389
         1.8349         1.6056        -0.0100        -0.0232       300.0000        -0.2425        -0.2389
         1.8303         1.6015        -0.0217        -0.0345       300.0000        -0.2416        -0.2389
         1.7880         1.5645        -0.0549        -0.0685       300.0000        -0.2370        -0.2389
         1.8087         1.5826        -0.0371        -0.0509       300.0000        -0.2398        -0.2389
         1.8000         1.5750        -0.0538        -0.0674       300.0000        -0.2387        -0.2389
         1.7937         1.5695        -0.0627        -0.0766       300.0000        -0.2381        -0.2389
         1.8137         1.5870        -0.0436        -0.0567       300.0000        -0.2399        -0.2389
         1.8284         1.5998         0.0141         0.0011       300.0000        -0.2416        -0.2389
         1.8098         1.5835        -0.0420        -0.0552       300.0000        -0.2395        -0.2389
         1.8336         1.6044        -0.0148        -0.0284       300.0000        -0.2428        -0.2389
         1.7944         1.5701        -0.0619        -0.0755       300.0000        -0.2379        -0.2389
         1.8013         1.5762        -0.0462        -0.0595       300.0000        -0.2385        -0.2389
         1.8097         1.5835        -0.0504        -0.0641       300.0000        -0.2399        -0.2389
         1.7986         1.5737        -0.0488        -0.0624       300.0000        -0.2385        -0.2389
         1.7971         1.5725        -0.0618        -0.0747       300.0000        -0.2376        -0.2389
         1.7837         1.5607        -0.0577        -0.0712       300.0000        -0.2365        -0.2389
         1.7589         1.5391        -0.0801        -0.0931       300.0000        -0.2329        -0.2389
         1.7641         1.5435        -0.0601        -0.0728       300.0000        -0.2333        -0.2389
         1.7791         1.5567        -0.0666        -0.0791       300.0000        -0.2350        -0.2389
         1.8117         1.5852        -0.0287        -0.0423       300.0000        -0.2400        -0.2389
         1.8213         1.5936        -0.0207        -0.0327       300.0000        -0.2397        -0.2389
         1.8133         1.5866         0.0171         0.0062       300.0000        -0.2376        -0.2389
Free energy change for the current window:  -0.2389
Total free energy change until current window:  -0.2389
End of collection. Increasing lambda value
Equilibration for Lambda =  0.1  and dLambda =  0.2
         1.5744         1.3495        -0.0411        -0.0522       300.0000        -0.2360         0.0000
         1.5716         1.3471        -0.0577        -0.0694       300.0000        -0.2362         0.0000
         1.5917         1.3643         0.0396         0.0314       300.0000        -0.2357         0.0000
         1.5622         1.3390        -0.0641        -0.0760       300.0000        -0.2351         0.0000
         1.5480         1.3269        -0.0863        -0.0981       300.0000        -0.2330         0.0000
         1.6073         1.3777         0.0026        -0.0078       300.0000        -0.2400         0.0000
         1.5808         1.3549        -0.0515        -0.0623       300.0000        -0.2366         0.0000
         1.5818         1.3559        -0.0655        -0.0777       300.0000        -0.2381         0.0000
         1.5836         1.3574        -0.0485        -0.0590       300.0000        -0.2367         0.0000
         1.5430         1.3226        -0.0904        -0.1014       300.0000        -0.2315         0.0000
         1.5624         1.3392        -0.0824        -0.0948       300.0000        -0.2356         0.0000
         1.6061         1.3767        -0.0166        -0.0272       300.0000        -0.2401         0.0000
         1.5777         1.3523        -0.0389        -0.0497       300.0000        -0.2361         0.0000
         1.5792         1.3536        -0.0533        -0.0639       300.0000        -0.2363         0.0000
         1.6105         1.3804         0.0006        -0.0080       300.0000        -0.2387         0.0000
         1.5392         1.3193        -0.0877        -0.1003       300.0000        -0.2325         0.0000
         1.5445         1.3239        -0.0796        -0.0911       300.0000        -0.2322         0.0000
         1.5974         1.3692        -0.0245        -0.0334       300.0000        -0.2371         0.0000
         1.5895         1.3624        -0.0530        -0.0647       300.0000        -0.2388         0.0000
         1.5611         1.3381        -0.0709        -0.0804       300.0000        -0.2325         0.0000
Starting new data collection with values:  0.1   0.2
         1.5756         1.3505        -0.0674        -0.0786       300.0000        -0.2363        -0.2363
         1.6194         1.3880         0.0151         0.0037       300.0000        -0.2427        -0.2363
         1.5883         1.3614        -0.0569        -0.0683       300.0000        -0.2383        -0.2364
         1.5577         1.3351        -0.0722        -0.0839       300.0000        -0.2343        -0.2364
         1.5690         1.3449        -0.0746        -0.0862       300.0000        -0.2357        -0.2365
         1.5867         1.3600        -0.0318        -0.0424       300.0000        -0.2374        -0.2364
         1.5903         1.3631        -0.0416        -0.0512       300.0000        -0.2368        -0.2365
         1.5584         1.3358        -0.0742        -0.0851       300.0000        -0.2335        -0.2365
         1.5750         1.3500        -0.0602        -0.0716       300.0000        -0.2364        -0.2365
         1.5966         1.3685        -0.0497        -0.0610       300.0000        -0.2394        -0.2365
         1.5901         1.3629        -0.0517        -0.0620       300.0000        -0.2374        -0.2365
         1.5759         1.3507        -0.0602        -0.0702       300.0000        -0.2351        -0.2365
         1.5730         1.3483        -0.0666        -0.0774       300.0000        -0.2355        -0.2365
         1.5683         1.3442        -0.0728        -0.0841       300.0000        -0.2353        -0.2365
         1.5734         1.3486        -0.0654        -0.0779       300.0000        -0.2373        -0.2365
         1.5683         1.3442        -0.0741        -0.0847       300.0000        -0.2347        -0.2365
         1.5952         1.3673        -0.0369        -0.0456       300.0000        -0.2366        -0.2365
         1.5832         1.3571        -0.0554        -0.0666       300.0000        -0.2374        -0.2366
         1.5933         1.3657        -0.0431        -0.0546       300.0000        -0.2391        -0.2366
         1.5581         1.3355        -0.0651        -0.0770       300.0000        -0.2346        -0.2366
         1.5412         1.3210        -0.0939        -0.1060       300.0000        -0.2322        -0.2366
         1.5896         1.3625        -0.0524        -0.0629       300.0000        -0.2376        -0.2366
         1.5898         1.3627        -0.0422        -0.0527       300.0000        -0.2376        -0.2366
         1.5739         1.3491        -0.0668        -0.0786       300.0000        -0.2366        -0.2366
         1.5625         1.3393        -0.0684        -0.0797       300.0000        -0.2346        -0.2366
         1.5799         1.3542        -0.0340        -0.0458       300.0000        -0.2374        -0.2366
         1.5883         1.3614        -0.0457        -0.0573       300.0000        -0.2385        -0.2366
         1.6017         1.3729        -0.0345        -0.0450       300.0000        -0.2393        -0.2366
         1.5742         1.3493        -0.0674        -0.0787       300.0000        -0.2362        -0.2366
         1.5714         1.3469        -0.0618        -0.0740       300.0000        -0.2368        -0.2366
         1.5733         1.3485        -0.0657        -0.0784       300.0000        -0.2375        -0.2366
         1.5711         1.3466        -0.0588        -0.0709       300.0000        -0.2366        -0.2366
         1.5880         1.3611        -0.0317        -0.0419       300.0000        -0.2371        -0.2366
         1.5967         1.3686        -0.0335        -0.0426       300.0000        -0.2372        -0.2366
         1.5952         1.3673        -0.0399        -0.0513       300.0000        -0.2393        -0.2366
         1.5670         1.3431        -0.0708        -0.0829       300.0000        -0.2359        -0.2367
         1.5655         1.3418        -0.0749        -0.0868       300.0000        -0.2355        -0.2367
         1.5721         1.3475        -0.0738        -0.0836       300.0000        -0.2344        -0.2367
         1.5750         1.3500        -0.0559        -0.0662       300.0000        -0.2353        -0.2367
         1.5878         1.3609        -0.0468        -0.0578       300.0000        -0.2378        -0.2367
         1.5820         1.3560        -0.0689        -0.0794       300.0000        -0.2365        -0.2367
         1.5703         1.3459        -0.0682        -0.0790       300.0000        -0.2351        -0.2367
         1.5858         1.3592        -0.0557        -0.0658       300.0000        -0.2367        -0.2367
         1.6018         1.3729        -0.0348        -0.0455       300.0000        -0.2395        -0.2367
         1.5787         1.3532        -0.0608        -0.0727       300.0000        -0.2374        -0.2367
         1.5819         1.3559        -0.0505        -0.0617       300.0000        -0.2373        -0.2367
         1.5738         1.3489        -0.0656        -0.0766       300.0000        -0.2359        -0.2367
         1.5836         1.3573        -0.0568        -0.0694       300.0000        -0.2388        -0.2367
         1.5802         1.3544        -0.0641        -0.0754       300.0000        -0.2371        -0.2367
         1.5760         1.3509        -0.0519        -0.0624       300.0000        -0.2357        -0.2367
Free energy change for the current window:  -0.2367
Total free energy change until current window:  -0.4755
End of collection. Increasing lambda value
Equilibration for Lambda =  0.2  and dLambda =  0.3
         1.3662         1.3677        -0.0408        -0.0485       300.0000        -0.0062         0.0000
         1.3506         1.3493        -0.0741        -0.0803       300.0000        -0.0075         0.0000
         1.3463         1.3457        -0.0619        -0.0702       300.0000        -0.0089         0.0000
         1.3384         1.3394        -0.0794        -0.0844       300.0000        -0.0040         0.0000
         1.3483         1.3484        -0.0766        -0.0823       300.0000        -0.0056         0.0000
         1.3764         1.3755        -0.0370        -0.0447       300.0000        -0.0086         0.0000
         1.3802         1.3782        -0.0391        -0.0471       300.0000        -0.0100         0.0000
         1.3404         1.3414        -0.0867        -0.0903       300.0000        -0.0026         0.0000
         1.3489         1.3511        -0.0819        -0.0846       300.0000        -0.0005         0.0000
         1.3476         1.3479        -0.0782        -0.0826       300.0000        -0.0041         0.0000
         1.3450         1.3457        -0.0854        -0.0886       300.0000        -0.0024         0.0000
         1.3562         1.3580        -0.0641        -0.0689       300.0000        -0.0029         0.0000
         1.3445         1.3468        -0.0829        -0.0853       300.0000        -0.0002         0.0000
         1.3709         1.3703        -0.0424        -0.0508       300.0000        -0.0091         0.0000
         1.3668         1.3645        -0.0520        -0.0594       300.0000        -0.0098         0.0000
         1.3432         1.3439        -0.0886        -0.0920       300.0000        -0.0027         0.0000
         1.3443         1.3455        -0.0859        -0.0890       300.0000        -0.0019         0.0000
         1.3501         1.3510        -0.0729        -0.0775       300.0000        -0.0037         0.0000
         1.3679         1.3659        -0.0372        -0.0475       300.0000        -0.0122         0.0000
         1.3691         1.3683        -0.0553        -0.0620       300.0000        -0.0074         0.0000
Starting new data collection with values:  0.2   0.3
         1.3448         1.3465        -0.0674        -0.0736       300.0000        -0.0045        -0.0045
         1.3487         1.3515        -0.0710        -0.0749       300.0000        -0.0011        -0.0044
         1.3472         1.3466        -0.0803        -0.0858       300.0000        -0.0060        -0.0043
         1.3407         1.3399        -0.0877        -0.0915       300.0000        -0.0045        -0.0044
         1.3483         1.3499        -0.0788        -0.0824       300.0000        -0.0020        -0.0043
         1.3570         1.3583        -0.0660        -0.0701       300.0000        -0.0028        -0.0044
         1.3607         1.3621        -0.0557        -0.0612       300.0000        -0.0041        -0.0043
         1.3686         1.3662        -0.0509        -0.0592       300.0000        -0.0107        -0.0043
         1.3541         1.3542        -0.0804        -0.0845       300.0000        -0.0041        -0.0043
         1.3360         1.3377        -0.0829        -0.0872       300.0000        -0.0026        -0.0043
         1.3383         1.3407        -0.0948        -0.0956       300.0000         0.0015        -0.0043
         1.3630         1.3613        -0.0615        -0.0686       300.0000        -0.0088        -0.0042
         1.3587         1.3580        -0.0629        -0.0680       300.0000        -0.0058        -0.0042
         1.3665         1.3671        -0.0624        -0.0657       300.0000        -0.0027        -0.0042
         1.3577         1.3590        -0.0685        -0.0728       300.0000        -0.0030        -0.0042
         1.3395         1.3406        -0.0926        -0.0949       300.0000        -0.0013        -0.0042
         1.3432         1.3434        -0.0881        -0.0915       300.0000        -0.0033        -0.0042
         1.3531         1.3523        -0.0700        -0.0765       300.0000        -0.0073        -0.0042
         1.3534         1.3544        -0.0650        -0.0709       300.0000        -0.0049        -0.0043
         1.3576         1.3585        -0.0685        -0.0733       300.0000        -0.0039        -0.0043
         1.3683         1.3700        -0.0376        -0.0456       300.0000        -0.0063        -0.0043
         1.3559         1.3551        -0.0686        -0.0735       300.0000        -0.0058        -0.0043
         1.3519         1.3501        -0.0788        -0.0846       300.0000        -0.0076        -0.0043
         1.3475         1.3479        -0.0812        -0.0853       300.0000        -0.0036        -0.0044
         1.3476         1.3499        -0.0747        -0.0786       300.0000        -0.0016        -0.0044
         1.3396         1.3419        -0.0872        -0.0902       300.0000        -0.0007        -0.0044
         1.3498         1.3502        -0.0770        -0.0821       300.0000        -0.0046        -0.0044
         1.3520         1.3504        -0.0667        -0.0733       300.0000        -0.0082        -0.0044
         1.3556         1.3565        -0.0696        -0.0731       300.0000        -0.0026        -0.0044
         1.3435         1.3461        -0.0851        -0.0877       300.0000         0.0000        -0.0044
         1.3585         1.3620        -0.0733        -0.0735       300.0000         0.0033        -0.0044
         1.3622         1.3615        -0.0543        -0.0613       300.0000        -0.0078        -0.0044
         1.3505         1.3496        -0.0803        -0.0843       300.0000        -0.0048        -0.0044
         1.3548         1.3537        -0.0711        -0.0770       300.0000        -0.0070        -0.0043
         1.3406         1.3429        -0.0721        -0.0775       300.0000        -0.0031        -0.0043
         1.3537         1.3563        -0.0727        -0.0748       300.0000         0.0005        -0.0043
         1.3520         1.3518        -0.0729        -0.0788       300.0000        -0.0060        -0.0043
         1.3612         1.3608        -0.0612        -0.0666       300.0000        -0.0058        -0.0043
         1.3499         1.3499        -0.0807        -0.0852       300.0000        -0.0045        -0.0043
         1.3380         1.3401        -0.0882        -0.0908       300.0000        -0.0005        -0.0043
         1.3472         1.3489        -0.0757        -0.0800       300.0000        -0.0025        -0.0043
         1.3525         1.3526        -0.0690        -0.0742       300.0000        -0.0050        -0.0044
         1.3714         1.3712        -0.0365        -0.0452       300.0000        -0.0088        -0.0044
         1.3565         1.3567        -0.0593        -0.0656       300.0000        -0.0061        -0.0044
         1.3487         1.3514        -0.0800        -0.0828       300.0000        -0.0002        -0.0044
         1.3455         1.3465        -0.0728        -0.0785       300.0000        -0.0048        -0.0044
         1.3490         1.3489        -0.0878        -0.0904       300.0000        -0.0027        -0.0044
         1.3571         1.3561        -0.0689        -0.0751       300.0000        -0.0073        -0.0044
         1.3534         1.3531        -0.0732        -0.0773       300.0000        -0.0045        -0.0044
         1.3510         1.3548        -0.0771        -0.0786       300.0000         0.0023        -0.0044
Free energy change for the current window:  -0.0044
Total free energy change until current window:  -0.4799
End of collection. Increasing lambda value
Equilibration for Lambda =  0.3  and dLambda =  0.4
         1.3649         1.3645        -0.0581        -0.0647       300.0000        -0.0070         0.0000
         1.3526         1.3529        -0.0831        -0.0842       300.0000        -0.0008         0.0000
         1.3563         1.3554        -0.0829        -0.0874       300.0000        -0.0054         0.0000
         1.3475         1.3480        -0.0885        -0.0905       300.0000        -0.0015         0.0000
         1.3460         1.3484        -0.0907        -0.0905       300.0000         0.0026         0.0000
         1.3606         1.3602        -0.0679        -0.0723       300.0000        -0.0048         0.0000
         1.3539         1.3534        -0.0844        -0.0875       300.0000        -0.0036         0.0000
         1.3533         1.3515        -0.0790        -0.0840       300.0000        -0.0069         0.0000
         1.3545         1.3571        -0.0756        -0.0782       300.0000        -0.0001         0.0000
         1.3478         1.3489        -0.0869        -0.0885       300.0000        -0.0005         0.0000
         1.3648         1.3648        -0.0598        -0.0661       300.0000        -0.0064         0.0000
         1.3545         1.3540        -0.0789        -0.0844       300.0000        -0.0061         0.0000
         1.3528         1.3516        -0.0828        -0.0868       300.0000        -0.0053         0.0000
         1.3412         1.3439        -0.0952        -0.0968       300.0000         0.0010         0.0000
         1.3403         1.3421        -0.0931        -0.0941       300.0000         0.0008         0.0000
         1.3514         1.3526        -0.0848        -0.0874       300.0000        -0.0013         0.0000
         1.3629         1.3613        -0.0722        -0.0782       300.0000        -0.0077         0.0000
         1.3609         1.3602        -0.0724        -0.0762       300.0000        -0.0045         0.0000
         1.3528         1.3535        -0.0749        -0.0793       300.0000        -0.0038         0.0000
         1.3628         1.3632        -0.0722        -0.0761       300.0000        -0.0035         0.0000
Starting new data collection with values:  0.3   0.4
         1.3518         1.3534        -0.0808        -0.0838       300.0000        -0.0014        -0.0014
         1.3573         1.3566        -0.0768        -0.0820       300.0000        -0.0060        -0.0035
         1.3545         1.3552        -0.0814        -0.0846       300.0000        -0.0025        -0.0034
         1.3459         1.3450        -0.0861        -0.0915       300.0000        -0.0063        -0.0036
         1.3433         1.3447        -0.0898        -0.0919       300.0000        -0.0007        -0.0036
         1.3538         1.3562        -0.0765        -0.0792       300.0000        -0.0004        -0.0037
         1.3568         1.3566        -0.0762        -0.0811       300.0000        -0.0051        -0.0037
         1.3570         1.3564        -0.0793        -0.0834       300.0000        -0.0047        -0.0038
         1.3681         1.3678        -0.0558        -0.0627       300.0000        -0.0072        -0.0038
         1.3507         1.3485        -0.0862        -0.0919       300.0000        -0.0080        -0.0038
         1.3483         1.3491        -0.0790        -0.0841       300.0000        -0.0042        -0.0039
         1.3504         1.3509        -0.0786        -0.0835       300.0000        -0.0043        -0.0038
         1.3553         1.3566        -0.0764        -0.0791       300.0000        -0.0014        -0.0038
         1.3540         1.3547        -0.0785        -0.0826       300.0000        -0.0035        -0.0038
         1.3492         1.3479        -0.0866        -0.0922       300.0000        -0.0068        -0.0038
         1.3438         1.3446        -0.0898        -0.0923       300.0000        -0.0017        -0.0038
         1.3638         1.3642        -0.0625        -0.0694       300.0000        -0.0065        -0.0038
         1.3671         1.3679        -0.0584        -0.0646       300.0000        -0.0055        -0.0038
         1.3510         1.3524        -0.0841        -0.0861       300.0000        -0.0007        -0.0038
         1.3531         1.3525        -0.0742        -0.0808       300.0000        -0.0073        -0.0038
         1.3443         1.3437        -0.0870        -0.0923       300.0000        -0.0059        -0.0038
         1.3454         1.3450        -0.0826        -0.0891       300.0000        -0.0068        -0.0039
         1.3633         1.3639        -0.0601        -0.0655       300.0000        -0.0047        -0.0039
         1.3690         1.3733        -0.0419        -0.0468       300.0000        -0.0007        -0.0039
         1.3484         1.3488        -0.0858        -0.0889       300.0000        -0.0028        -0.0040
         1.3557         1.3549        -0.0668        -0.0730       300.0000        -0.0069        -0.0040
         1.3498         1.3488        -0.0855        -0.0907       300.0000        -0.0061        -0.0040
         1.3620         1.3611        -0.0702        -0.0762       300.0000        -0.0069        -0.0040
         1.3418         1.3411        -0.0956        -0.0999       300.0000        -0.0050        -0.0041
         1.3167         1.3230        -0.1090        -0.1050       300.0000         0.0103        -0.0041
         1.3590         1.3587        -0.0475        -0.0576       300.0000        -0.0104        -0.0041
         1.3619         1.3609        -0.0718        -0.0755       300.0000        -0.0047        -0.0041
         1.3523         1.3468        -0.0633        -0.0743       300.0000        -0.0165        -0.0041
         1.3804         1.3751        -0.0046        -0.0252       300.0000        -0.0258        -0.0041
         1.3532         1.3524        -0.0806        -0.0863       300.0000        -0.0065        -0.0042
         1.3312         1.3315        -0.1031        -0.1055       300.0000        -0.0021        -0.0042
         1.3571         1.3554        -0.0601        -0.0696       300.0000        -0.0112        -0.0042
         1.3694         1.3691        -0.0463        -0.0520       300.0000        -0.0060        -0.0042
         1.3498         1.3500        -0.0798        -0.0851       300.0000        -0.0051        -0.0042
         1.3498         1.3534        -0.0663        -0.0653       300.0000         0.0046        -0.0042
         1.3535         1.3542        -0.0751        -0.0808       300.0000        -0.0051        -0.0042
         1.3689         1.3668        -0.0555        -0.0607       300.0000        -0.0073        -0.0042
         1.3372         1.3377        -0.0931        -0.0973       300.0000        -0.0037        -0.0042
         1.3573         1.3570        -0.0538        -0.0632       300.0000        -0.0096        -0.0042
         1.3528         1.3545        -0.0827        -0.0836       300.0000         0.0008        -0.0042
         1.3608         1.3627        -0.0656        -0.0670       300.0000         0.0006        -0.0042
         1.3731         1.3705        -0.0433        -0.0535       300.0000        -0.0129        -0.0042
         1.3495         1.3468        -0.0911        -0.0963       300.0000        -0.0078        -0.0042
         1.3407         1.3423        -0.0935        -0.0933       300.0000         0.0018        -0.0042
         1.3479         1.3504        -0.0801        -0.0829       300.0000        -0.0003        -0.0042
Free energy change for the current window:  -0.0042
Total free energy change until current window:  -0.4841
End of collection. Increasing lambda value
Equilibration for Lambda =  0.4  and dLambda =  0.5
         1.3581         1.3599        -0.0805        -0.0799       300.0000         0.0025         0.0000
         1.3697         1.3697        -0.0506        -0.0535       300.0000        -0.0030         0.0000
         1.3625         1.3630        -0.0731        -0.0749       300.0000        -0.0014         0.0000
         1.3416         1.3443        -0.0955        -0.0949       300.0000         0.0032         0.0000
         1.3454         1.3487        -0.0942        -0.0906       300.0000         0.0068         0.0000
         1.3485         1.3495        -0.0862        -0.0882       300.0000        -0.0010         0.0000
         1.3558         1.3544        -0.0784        -0.0822       300.0000        -0.0053         0.0000
         1.3671         1.3672        -0.0662        -0.0669       300.0000        -0.0005         0.0000
         1.3658         1.3669        -0.0645        -0.0646       300.0000         0.0011         0.0000
         1.3524         1.3542        -0.0814        -0.0809       300.0000         0.0023         0.0000
         1.3435         1.3439        -0.0987        -0.0995       300.0000        -0.0004         0.0000
         1.3490         1.3483        -0.0844        -0.0872       300.0000        -0.0035         0.0000
         1.3466         1.3456        -0.0866        -0.0915       300.0000        -0.0060         0.0000
         1.3509         1.3509        -0.0887        -0.0897       300.0000        -0.0010         0.0000
         1.3647         1.3650        -0.0657        -0.0681       300.0000        -0.0021         0.0000
         1.3555         1.3548        -0.0718        -0.0773       300.0000        -0.0061         0.0000
         1.3553         1.3537        -0.0796        -0.0827       300.0000        -0.0047         0.0000
         1.3549         1.3538        -0.0875        -0.0903       300.0000        -0.0040         0.0000
         1.3527         1.3510        -0.0768        -0.0842       300.0000        -0.0090         0.0000
         1.3506         1.3512        -0.0869        -0.0877       300.0000        -0.0002         0.0000
Starting new data collection with values:  0.4   0.5
         1.3517         1.3510        -0.0892        -0.0923       300.0000        -0.0038        -0.0038
         1.3479         1.3475        -0.0878        -0.0911       300.0000        -0.0036        -0.0017
         1.3571         1.3559        -0.0835        -0.0857       300.0000        -0.0033        -0.0014
         1.3651         1.3648        -0.0606        -0.0674       300.0000        -0.0070        -0.0014
         1.3564         1.3573        -0.0827        -0.0830       300.0000         0.0007        -0.0014
         1.3569         1.3584        -0.0792        -0.0808       300.0000        -0.0001        -0.0013
         1.3483         1.3492        -0.0921        -0.0932       300.0000        -0.0002        -0.0014
         1.3440         1.3452        -0.0914        -0.0931       300.0000        -0.0004        -0.0014
         1.3505         1.3516        -0.0861        -0.0883       300.0000        -0.0011        -0.0014
         1.3516         1.3536        -0.0878        -0.0868       300.0000         0.0031        -0.0014
         1.3531         1.3535        -0.0864        -0.0885       300.0000        -0.0017        -0.0014
         1.3676         1.3677        -0.0638        -0.0672       300.0000        -0.0032        -0.0014
         1.3613         1.3606        -0.0721        -0.0754       300.0000        -0.0040        -0.0014
         1.3649         1.3642        -0.0711        -0.0733       300.0000        -0.0029        -0.0014
         1.3586         1.3589        -0.0787        -0.0792       300.0000        -0.0002        -0.0014
         1.3481         1.3489        -0.0884        -0.0893       300.0000        -0.0002        -0.0014
         1.3572         1.3566        -0.0845        -0.0865       300.0000        -0.0026        -0.0014
         1.3555         1.3538        -0.0811        -0.0857       300.0000        -0.0062        -0.0014
         1.3527         1.3510        -0.0858        -0.0895       300.0000        -0.0054        -0.0014
         1.3547         1.3546        -0.0855        -0.0882       300.0000        -0.0027        -0.0014
         1.3506         1.3524        -0.0910        -0.0907       300.0000         0.0021        -0.0014
         1.3600         1.3611        -0.0767        -0.0759       300.0000         0.0020        -0.0014
         1.3634         1.3644        -0.0727        -0.0737       300.0000         0.0000        -0.0014
         1.3620         1.3609        -0.0743        -0.0764       300.0000        -0.0032        -0.0014
         1.3569         1.3572        -0.0841        -0.0845       300.0000        -0.0001        -0.0014
         1.3452         1.3463        -0.0956        -0.0952       300.0000         0.0015        -0.0014
         1.3493         1.3515        -0.0930        -0.0914       300.0000         0.0037        -0.0014
         1.3551         1.3558        -0.0837        -0.0854       300.0000        -0.0010        -0.0014
         1.3512         1.3503        -0.0908        -0.0930       300.0000        -0.0031        -0.0014
         1.3552         1.3540        -0.0835        -0.0878       300.0000        -0.0055        -0.0014
         1.3515         1.3509        -0.0862        -0.0889       300.0000        -0.0034        -0.0014
         1.3543         1.3547        -0.0861        -0.0867       300.0000        -0.0002        -0.0014
         1.3652         1.3662        -0.0688        -0.0707       300.0000        -0.0009        -0.0014
         1.3614         1.3609        -0.0748        -0.0751       300.0000        -0.0008        -0.0014
         1.3650         1.3650        -0.0739        -0.0756       300.0000        -0.0017        -0.0014
         1.3537         1.3535        -0.0875        -0.0888       300.0000        -0.0015        -0.0014
         1.3494         1.3505        -0.0915        -0.0920       300.0000         0.0006        -0.0014
         1.3529         1.3543        -0.0840        -0.0840       300.0000         0.0013        -0.0014
         1.3528         1.3537        -0.0896        -0.0891       300.0000         0.0015        -0.0014
         1.3531         1.3531        -0.0856        -0.0883       300.0000        -0.0027        -0.0013
         1.3469         1.3464        -0.0934        -0.0947       300.0000        -0.0017        -0.0013
         1.3473         1.3472        -0.0944        -0.0960       300.0000        -0.0018        -0.0013
         1.3566         1.3571        -0.0845        -0.0861       300.0000        -0.0011        -0.0013
         1.3601         1.3599        -0.0731        -0.0757       300.0000        -0.0028        -0.0013
         1.3657         1.3650        -0.0705        -0.0740       300.0000        -0.0041        -0.0013
         1.3598         1.3587        -0.0795        -0.0822       300.0000        -0.0037        -0.0013
         1.3556         1.3546        -0.0805        -0.0833       300.0000        -0.0039        -0.0013
         1.3607         1.3616        -0.0802        -0.0810       300.0000         0.0001        -0.0013
         1.3530         1.3539        -0.0865        -0.0876       300.0000        -0.0001        -0.0013
         1.3515         1.3524        -0.0880        -0.0889       300.0000         0.0001        -0.0013
Free energy change for the current window:  -0.0013
Total free energy change until current window:  -0.4855
End of collection. Increasing lambda value
Equilibration for Lambda =  0.5  and dLambda =  0.6
         1.3498         1.3504        -0.0913        -0.0901       300.0000         0.0018         0.0000
         1.3513         1.3514        -0.0936        -0.0918       300.0000         0.0019         0.0000
         1.3557         1.3562        -0.0840        -0.0817       300.0000         0.0028         0.0000
         1.3508         1.3515        -0.0888        -0.0872       300.0000         0.0024         0.0000
         1.3559         1.3563        -0.0884        -0.0866       300.0000         0.0022         0.0000
         1.3535         1.3533        -0.0872        -0.0871       300.0000        -0.0001         0.0000
         1.3600         1.3584        -0.0812        -0.0805       300.0000        -0.0008         0.0000
         1.3592         1.3587        -0.0794        -0.0790       300.0000        -0.0001         0.0000
         1.3626         1.3621        -0.0770        -0.0740       300.0000         0.0025         0.0000
         1.3552         1.3551        -0.0852        -0.0839       300.0000         0.0013         0.0000
         1.3557         1.3559        -0.0876        -0.0860       300.0000         0.0018         0.0000
         1.3502         1.3499        -0.0927        -0.0910       300.0000         0.0014         0.0000
         1.3541         1.3537        -0.0878        -0.0876       300.0000        -0.0001         0.0000
         1.3522         1.3527        -0.0915        -0.0888       300.0000         0.0032         0.0000
         1.3471         1.3477        -0.0952        -0.0932       300.0000         0.0026         0.0000
         1.3505         1.3523        -0.0915        -0.0870       300.0000         0.0064         0.0000
         1.3533         1.3537        -0.0882        -0.0865       300.0000         0.0023         0.0000
         1.3598         1.3601        -0.0826        -0.0800       300.0000         0.0029         0.0000
         1.3543         1.3533        -0.0862        -0.0854       300.0000        -0.0002         0.0000
         1.3597         1.3590        -0.0816        -0.0811       300.0000        -0.0002         0.0000
Starting new data collection with values:  0.5   0.6
         1.3581         1.3580        -0.0842        -0.0826       300.0000         0.0016         0.0016
         1.3625         1.3622        -0.0735        -0.0724       300.0000         0.0008         0.0016
         1.3565         1.3560        -0.0847        -0.0840       300.0000         0.0001         0.0014
         1.3567         1.3565        -0.0853        -0.0837       300.0000         0.0014         0.0015
         1.3547         1.3534        -0.0875        -0.0874       300.0000        -0.0012         0.0015
         1.3526         1.3531        -0.0930        -0.0905       300.0000         0.0030         0.0016
         1.3498         1.3504        -0.0943        -0.0923       300.0000         0.0026         0.0016
         1.3477         1.3488        -0.0931        -0.0902       300.0000         0.0040         0.0016
         1.3464         1.3472        -0.0935        -0.0903       300.0000         0.0041         0.0016
         1.3508         1.3503        -0.0945        -0.0937       300.0000         0.0003         0.0016
         1.3545         1.3546        -0.0885        -0.0866       300.0000         0.0019         0.0016
         1.3498         1.3492        -0.0925        -0.0915       300.0000         0.0004         0.0016
         1.3572         1.3579        -0.0850        -0.0823       300.0000         0.0035         0.0016
         1.3567         1.3567        -0.0844        -0.0834       300.0000         0.0009         0.0017
         1.3599         1.3589        -0.0806        -0.0806       300.0000        -0.0010         0.0016
         1.3591         1.3579        -0.0785        -0.0777       300.0000        -0.0004         0.0016
         1.3603         1.3597        -0.0801        -0.0800       300.0000        -0.0005         0.0016
         1.3605         1.3601        -0.0783        -0.0773       300.0000         0.0005         0.0016
         1.3550         1.3562        -0.0873        -0.0844       300.0000         0.0041         0.0016
         1.3499         1.3500        -0.0929        -0.0915       300.0000         0.0015         0.0016
         1.3502         1.3507        -0.0938        -0.0919       300.0000         0.0024         0.0016
         1.3536         1.3533        -0.0881        -0.0874       300.0000         0.0004         0.0016
         1.3554         1.3557        -0.0875        -0.0852       300.0000         0.0027         0.0016
         1.3500         1.3501        -0.0949        -0.0940       300.0000         0.0011         0.0016
         1.3497         1.3502        -0.0916        -0.0889       300.0000         0.0032         0.0016
         1.3552         1.3551        -0.0856        -0.0843       300.0000         0.0011         0.0016
         1.3561         1.3553        -0.0867        -0.0856       300.0000         0.0004         0.0016
         1.3559         1.3544        -0.0874        -0.0875       300.0000        -0.0016         0.0016
         1.3547         1.3545        -0.0873        -0.0860       300.0000         0.0010         0.0016
         1.3585         1.3587        -0.0837        -0.0821       300.0000         0.0018         0.0016
         1.3624         1.3625        -0.0781        -0.0764       300.0000         0.0018         0.0016
         1.3623         1.3628        -0.0754        -0.0722       300.0000         0.0035         0.0016
         1.3562         1.3560        -0.0858        -0.0836       300.0000         0.0019         0.0016
         1.3543         1.3541        -0.0887        -0.0872       300.0000         0.0013         0.0016
         1.3566         1.3571        -0.0845        -0.0827       300.0000         0.0023         0.0016
         1.3580         1.3588        -0.0859        -0.0832       300.0000         0.0035         0.0016
         1.3500         1.3511        -0.0937        -0.0914       300.0000         0.0033         0.0016
         1.3457         1.3456        -0.0969        -0.0949       300.0000         0.0019         0.0016
         1.3488         1.3480        -0.0944        -0.0944       300.0000        -0.0008         0.0016
         1.3537         1.3530        -0.0902        -0.0890       300.0000         0.0005         0.0016
         1.3523         1.3515        -0.0909        -0.0908       300.0000        -0.0008         0.0016
         1.3461         1.3468        -0.0967        -0.0944       300.0000         0.0030         0.0016
         1.3490         1.3485        -0.0954        -0.0950       300.0000        -0.0001         0.0016
         1.3555         1.3559        -0.0874        -0.0859       300.0000         0.0020         0.0016
         1.3591         1.3590        -0.0842        -0.0819       300.0000         0.0021         0.0016
         1.3532         1.3534        -0.0902        -0.0892       300.0000         0.0012         0.0016
         1.3560         1.3559        -0.0862        -0.0842       300.0000         0.0019         0.0016
         1.3614         1.3626        -0.0792        -0.0761       300.0000         0.0044         0.0016
         1.3630         1.3633        -0.0749        -0.0719       300.0000         0.0033         0.0016
         1.3579         1.3584        -0.0831        -0.0813       300.0000         0.0023         0.0016
Free energy change for the current window:  0.0016
Total free energy change until current window:  -0.4839
End of collection. Increasing lambda value
Equilibration for Lambda =  0.6  and dLambda =  0.7
         1.3496         1.3494        -0.0908        -0.0870       300.0000         0.0036         0.0000
         1.3530         1.3521        -0.0892        -0.0864       300.0000         0.0019         0.0000
         1.3589         1.3586        -0.0836        -0.0797       300.0000         0.0035         0.0000
         1.3561         1.3555        -0.0861        -0.0824       300.0000         0.0031         0.0000
         1.3468         1.3467        -0.0942        -0.0906       300.0000         0.0034         0.0000
         1.3436         1.3432        -0.0942        -0.0908       300.0000         0.0031         0.0000
         1.3430         1.3418        -0.0988        -0.0967       300.0000         0.0009         0.0000
         1.3568         1.3564        -0.0853        -0.0814       300.0000         0.0035         0.0000
         1.3615         1.3622        -0.0812        -0.0762       300.0000         0.0057         0.0000
         1.3517         1.3530        -0.0914        -0.0865       300.0000         0.0063         0.0000
         1.3489         1.3499        -0.0910        -0.0858       300.0000         0.0062         0.0000
         1.3480         1.3473        -0.0937        -0.0905       300.0000         0.0025         0.0000
         1.3559         1.3547        -0.0836        -0.0803       300.0000         0.0021         0.0000
         1.3575         1.3566        -0.0813        -0.0772       300.0000         0.0032         0.0000
         1.3603         1.3605        -0.0800        -0.0757       300.0000         0.0045         0.0000
         1.3634         1.3635        -0.0745        -0.0689       300.0000         0.0056         0.0000
         1.3596         1.3597        -0.0803        -0.0763       300.0000         0.0041         0.0000
         1.3634         1.3611        -0.0754        -0.0729       300.0000         0.0003         0.0000
         1.3469         1.3461        -0.0950        -0.0923       300.0000         0.0019         0.0000
         1.3444         1.3438        -0.0959        -0.0927       300.0000         0.0025         0.0000
Starting new data collection with values:  0.6   0.7
         1.3487         1.3495        -0.0924        -0.0879       300.0000         0.0053         0.0053
         1.3587         1.3594        -0.0846        -0.0805       300.0000         0.0047         0.0037
         1.3544         1.3544        -0.0871        -0.0824       300.0000         0.0047         0.0038
         1.3466         1.3455        -0.0961        -0.0939       300.0000         0.0011         0.0037
         1.3456         1.3457        -0.0934        -0.0892       300.0000         0.0044         0.0037
         1.3491         1.3498        -0.0927        -0.0888       300.0000         0.0046         0.0037
         1.3602         1.3618        -0.0795        -0.0728       300.0000         0.0083         0.0037
         1.3620         1.3621        -0.0798        -0.0760       300.0000         0.0039         0.0037
         1.3551         1.3542        -0.0869        -0.0836       300.0000         0.0023         0.0037
         1.3559         1.3553        -0.0857        -0.0824       300.0000         0.0028         0.0037
         1.3599         1.3588        -0.0783        -0.0749       300.0000         0.0023         0.0037
         1.3644         1.3649        -0.0721        -0.0669       300.0000         0.0057         0.0037
         1.3601         1.3603        -0.0784        -0.0737       300.0000         0.0049         0.0037
         1.3509         1.3505        -0.0881        -0.0841       300.0000         0.0036         0.0037
         1.3507         1.3490        -0.0930        -0.0912       300.0000         0.0001         0.0037
         1.3548         1.3541        -0.0873        -0.0834       300.0000         0.0032         0.0037
         1.3597         1.3586        -0.0848        -0.0823       300.0000         0.0015         0.0037
         1.3521         1.3529        -0.0899        -0.0851       300.0000         0.0056         0.0037
         1.3450         1.3454        -0.0954        -0.0923       300.0000         0.0036         0.0037
         1.3427         1.3423        -0.0973        -0.0940       300.0000         0.0030         0.0037
         1.3529         1.3521        -0.0885        -0.0850       300.0000         0.0026         0.0037
         1.3585         1.3588        -0.0840        -0.0791       300.0000         0.0051         0.0037
         1.3568         1.3568        -0.0853        -0.0811       300.0000         0.0043         0.0037
         1.3522         1.3538        -0.0911        -0.0859       300.0000         0.0068         0.0037
         1.3602         1.3608        -0.0774        -0.0716       300.0000         0.0063         0.0037
         1.3629         1.3622        -0.0753        -0.0716       300.0000         0.0030         0.0037
         1.3623         1.3619        -0.0748        -0.0712       300.0000         0.0032         0.0037
         1.3559         1.3559        -0.0815        -0.0773       300.0000         0.0042         0.0037
         1.3521         1.3521        -0.0908        -0.0873       300.0000         0.0034         0.0037
         1.3612         1.3626        -0.0809        -0.0749       300.0000         0.0074         0.0037
         1.3586         1.3584        -0.0849        -0.0810       300.0000         0.0036         0.0037
         1.3510         1.3498        -0.0910        -0.0886       300.0000         0.0012         0.0037
         1.3393         1.3388        -0.1002        -0.0969       300.0000         0.0028         0.0037
         1.3419         1.3414        -0.0992        -0.0966       300.0000         0.0021         0.0036
         1.3512         1.3510        -0.0900        -0.0866       300.0000         0.0032         0.0037
         1.3557         1.3557        -0.0881        -0.0847       300.0000         0.0034         0.0036
         1.3531         1.3516        -0.0914        -0.0892       300.0000         0.0008         0.0036
         1.3527         1.3519        -0.0898        -0.0866       300.0000         0.0024         0.0036
         1.3567         1.3562        -0.0821        -0.0781       300.0000         0.0035         0.0036
         1.3617         1.3611        -0.0781        -0.0742       300.0000         0.0033         0.0036
         1.3613         1.3611        -0.0749        -0.0705       300.0000         0.0042         0.0036
         1.3592         1.3594        -0.0804        -0.0759       300.0000         0.0047         0.0036
         1.3550         1.3538        -0.0851        -0.0819       300.0000         0.0021         0.0036
         1.3555         1.3555        -0.0872        -0.0833       300.0000         0.0038         0.0036
         1.3595         1.3593        -0.0834        -0.0799       300.0000         0.0033         0.0036
         1.3545         1.3544        -0.0857        -0.0811       300.0000         0.0045         0.0036
         1.3491         1.3487        -0.0944        -0.0914       300.0000         0.0026         0.0036
         1.3463         1.3468        -0.0944        -0.0898       300.0000         0.0051         0.0036
         1.3504         1.3498        -0.0913        -0.0886       300.0000         0.0021         0.0036
         1.3514         1.3520        -0.0900        -0.0850       300.0000         0.0056         0.0036
Free energy change for the current window:  0.0036
Total free energy change until current window:  -0.4802
End of collection. Increasing lambda value
Equilibration for Lambda =  0.7  and dLambda =  0.8
         1.3496         1.3499        -0.0912        -0.0873       300.0000         0.0042         0.0000
         1.3513         1.3515        -0.0882        -0.0838       300.0000         0.0046         0.0000
         1.3525         1.3526        -0.0847        -0.0802       300.0000         0.0046         0.0000
         1.3569         1.3569        -0.0810        -0.0763       300.0000         0.0047         0.0000
         1.3578         1.3572        -0.0783        -0.0738       300.0000         0.0039         0.0000
         1.3589         1.3596        -0.0767        -0.0714       300.0000         0.0060         0.0000
         1.3596         1.3592        -0.0745        -0.0699       300.0000         0.0043         0.0000
         1.3592         1.3591        -0.0760        -0.0714       300.0000         0.0045         0.0000
         1.3617         1.3612        -0.0764        -0.0721       300.0000         0.0038         0.0000
         1.3540         1.3536        -0.0828        -0.0785       300.0000         0.0040         0.0000
         1.3471         1.3463        -0.0934        -0.0901       300.0000         0.0024         0.0000
         1.3479         1.3477        -0.0923        -0.0886       300.0000         0.0035         0.0000
         1.3477         1.3473        -0.0896        -0.0855       300.0000         0.0037         0.0000
         1.3496         1.3481        -0.0918        -0.0891       300.0000         0.0013         0.0000
         1.3487         1.3482        -0.0890        -0.0849       300.0000         0.0036         0.0000
         1.3466         1.3456        -0.0942        -0.0915       300.0000         0.0018         0.0000
         1.3449         1.3440        -0.0928        -0.0893       300.0000         0.0027         0.0000
         1.3483         1.3478        -0.0917        -0.0885       300.0000         0.0027         0.0000
         1.3511         1.3508        -0.0892        -0.0853       300.0000         0.0036         0.0000
         1.3514         1.3507        -0.0879        -0.0841       300.0000         0.0031         0.0000
Starting new data collection with values:  0.7   0.8
         1.3567         1.3567        -0.0822        -0.0777       300.0000         0.0045         0.0045
         1.3593         1.3583        -0.0752        -0.0708       300.0000         0.0035         0.0039
         1.3612         1.3611        -0.0740        -0.0692       300.0000         0.0047         0.0039
         1.3600         1.3602        -0.0747        -0.0697       300.0000         0.0053         0.0038
         1.3585         1.3585        -0.0759        -0.0710       300.0000         0.0048         0.0038
         1.3625         1.3624        -0.0740        -0.0692       300.0000         0.0048         0.0038
         1.3601         1.3602        -0.0737        -0.0681       300.0000         0.0057         0.0038
         1.3544         1.3543        -0.0851        -0.0809       300.0000         0.0042         0.0038
         1.3549         1.3553        -0.0838        -0.0791       300.0000         0.0052         0.0038
         1.3498         1.3498        -0.0869        -0.0823       300.0000         0.0047         0.0038
         1.3516         1.3512        -0.0895        -0.0859       300.0000         0.0033         0.0038
         1.3496         1.3499        -0.0883        -0.0839       300.0000         0.0047         0.0038
         1.3492         1.3487        -0.0899        -0.0863       300.0000         0.0032         0.0038
         1.3473         1.3464        -0.0920        -0.0887       300.0000         0.0023         0.0038
         1.3476         1.3472        -0.0917        -0.0880       300.0000         0.0034         0.0038
         1.3521         1.3517        -0.0869        -0.0829       300.0000         0.0036         0.0038
         1.3483         1.3473        -0.0894        -0.0858       300.0000         0.0026         0.0038
         1.3502         1.3498        -0.0902        -0.0865       300.0000         0.0033         0.0038
         1.3538         1.3526        -0.0861        -0.0828       300.0000         0.0022         0.0038
         1.3580         1.3570        -0.0794        -0.0753       300.0000         0.0031         0.0038
         1.3591         1.3586        -0.0783        -0.0744       300.0000         0.0034         0.0038
         1.3574         1.3567        -0.0771        -0.0726       300.0000         0.0037         0.0038
         1.3599         1.3594        -0.0778        -0.0737       300.0000         0.0036         0.0038
         1.3608         1.3609        -0.0708        -0.0648       300.0000         0.0061         0.0038
         1.3592         1.3587        -0.0780        -0.0741       300.0000         0.0033         0.0038
         1.3558         1.3554        -0.0821        -0.0778       300.0000         0.0040         0.0038
         1.3533         1.3532        -0.0861        -0.0821       300.0000         0.0040         0.0038
         1.3537         1.3532        -0.0861        -0.0821       300.0000         0.0036         0.0038
         1.3536         1.3539        -0.0839        -0.0792       300.0000         0.0050         0.0038
         1.3536         1.3539        -0.0857        -0.0812       300.0000         0.0047         0.0038
         1.3478         1.3478        -0.0917        -0.0876       300.0000         0.0041         0.0038
         1.3475         1.3475        -0.0921        -0.0884       300.0000         0.0036         0.0038
         1.3525         1.3527        -0.0864        -0.0819       300.0000         0.0048         0.0038
         1.3497         1.3494        -0.0877        -0.0837       300.0000         0.0038         0.0038
         1.3500         1.3504        -0.0908        -0.0867       300.0000         0.0045         0.0038
         1.3490         1.3486        -0.0906        -0.0869       300.0000         0.0032         0.0038
         1.3521         1.3511        -0.0854        -0.0815       300.0000         0.0029         0.0038
         1.3533         1.3523        -0.0867        -0.0834       300.0000         0.0024         0.0038
         1.3525         1.3518        -0.0861        -0.0822       300.0000         0.0032         0.0038
         1.3550         1.3546        -0.0850        -0.0811       300.0000         0.0034         0.0038
         1.3562         1.3557        -0.0791        -0.0746       300.0000         0.0040         0.0038
         1.3606         1.3603        -0.0747        -0.0700       300.0000         0.0044         0.0038
         1.3566         1.3548        -0.0799        -0.0766       300.0000         0.0015         0.0038
         1.3576         1.3571        -0.0777        -0.0733       300.0000         0.0039         0.0038
         1.3554         1.3547        -0.0814        -0.0774       300.0000         0.0034         0.0038
         1.3580         1.3579        -0.0788        -0.0741       300.0000         0.0047         0.0038
         1.3613         1.3616        -0.0771        -0.0722       300.0000         0.0051         0.0038
         1.3528         1.3526        -0.0855        -0.0812       300.0000         0.0041         0.0038
         1.3492         1.3482        -0.0910        -0.0879       300.0000         0.0022         0.0038
         1.3508         1.3506        -0.0887        -0.0846       300.0000         0.0038         0.0038
Free energy change for the current window:  0.0038
Total free energy change until current window:  -0.4764
End of collection. Increasing lambda value
Equilibration for Lambda =  0.8  and dLambda =  0.9
         1.3547         1.5805        -0.0784        -0.0666       300.0000         0.2377         0.0000
         1.3561         1.5821        -0.0798        -0.0678       300.0000         0.2380         0.0000
         1.3501         1.5752        -0.0852        -0.0727       300.0000         0.2376         0.0000
         1.3475         1.5721        -0.0880        -0.0763       300.0000         0.2363         0.0000
         1.3487         1.5735        -0.0840        -0.0719       300.0000         0.2368         0.0000
         1.3498         1.5748        -0.0873        -0.0753       300.0000         0.2369         0.0000
         1.3495         1.5745        -0.0847        -0.0726       300.0000         0.2370         0.0000
         1.3462         1.5706        -0.0910        -0.0789       300.0000         0.2365         0.0000
         1.3531         1.5786        -0.0816        -0.0698       300.0000         0.2373         0.0000
         1.3491         1.5739        -0.0860        -0.0744       300.0000         0.2365         0.0000
         1.3511         1.5763        -0.0834        -0.0719       300.0000         0.2367         0.0000
         1.3534         1.5790        -0.0802        -0.0686       300.0000         0.2371         0.0000
         1.3538         1.5795        -0.0793        -0.0677       300.0000         0.2373         0.0000
         1.3627         1.5899        -0.0667        -0.0554       300.0000         0.2384         0.0000
         1.3567         1.5828        -0.0739        -0.0627       300.0000         0.2374         0.0000
         1.3580         1.5844        -0.0752        -0.0642       300.0000         0.2374         0.0000
         1.3547         1.5805        -0.0763        -0.0650       300.0000         0.2371         0.0000
         1.3608         1.5876        -0.0722        -0.0606       300.0000         0.2384         0.0000
         1.3589         1.5854        -0.0713        -0.0596       300.0000         0.2381         0.0000
         1.3556         1.5816        -0.0767        -0.0648       300.0000         0.2378         0.0000
Starting new data collection with values:  0.8   0.9
         1.3540         1.5797        -0.0822        -0.0703       300.0000         0.2375         0.2375
         1.3472         1.5718        -0.0879        -0.0758       300.0000         0.2366         0.2372
         1.3541         1.5797        -0.0823        -0.0703       300.0000         0.2376         0.2373
         1.3516         1.5769        -0.0835        -0.0714       300.0000         0.2373         0.2373
         1.3505         1.5756        -0.0843        -0.0722       300.0000         0.2372         0.2372
         1.3489         1.5738        -0.0879        -0.0755       300.0000         0.2372         0.2373
         1.3448         1.5689        -0.0885        -0.0766       300.0000         0.2360         0.2373
         1.3493         1.5742        -0.0854        -0.0738       300.0000         0.2365         0.2372
         1.3469         1.5714        -0.0884        -0.0763       300.0000         0.2366         0.2373
         1.3497         1.5746        -0.0874        -0.0755       300.0000         0.2368         0.2373
         1.3503         1.5754        -0.0852        -0.0733       300.0000         0.2370         0.2373
         1.3518         1.5771        -0.0839        -0.0722       300.0000         0.2370         0.2373
         1.3483         1.5730        -0.0867        -0.0748       300.0000         0.2366         0.2373
         1.3477         1.5724        -0.0880        -0.0759       300.0000         0.2367         0.2373
         1.3589         1.5854        -0.0756        -0.0638       300.0000         0.2383         0.2373
         1.3569         1.5830        -0.0761        -0.0646       300.0000         0.2377         0.2373
         1.3596         1.5863        -0.0735        -0.0620       300.0000         0.2380         0.2373
         1.3543         1.5800        -0.0776        -0.0660       300.0000         0.2374         0.2373
         1.3562         1.5822        -0.0770        -0.0655       300.0000         0.2375         0.2373
         1.3624         1.5894        -0.0680        -0.0566       300.0000         0.2384         0.2373
         1.3599         1.5865        -0.0689        -0.0575       300.0000         0.2381         0.2373
         1.3585         1.5849        -0.0746        -0.0631       300.0000         0.2379         0.2373
         1.3515         1.5768        -0.0832        -0.0716       300.0000         0.2369         0.2373
         1.3552         1.5811        -0.0797        -0.0681       300.0000         0.2375         0.2373
         1.3537         1.5794        -0.0816        -0.0700       300.0000         0.2372         0.2373
         1.3527         1.5781        -0.0819        -0.0698       300.0000         0.2375         0.2373
         1.3508         1.5759        -0.0858        -0.0740       300.0000         0.2370         0.2373
         1.3458         1.5701        -0.0892        -0.0772       300.0000         0.2363         0.2373
         1.3512         1.5765        -0.0855        -0.0738       300.0000         0.2370         0.2373
         1.3472         1.5717        -0.0880        -0.0763       300.0000         0.2363         0.2373
         1.3478         1.5724        -0.0872        -0.0752       300.0000         0.2367         0.2373
         1.3502         1.5752        -0.0852        -0.0731       300.0000         0.2372         0.2373
         1.3488         1.5736        -0.0862        -0.0741       300.0000         0.2369         0.2373
         1.3511         1.5763        -0.0840        -0.0723       300.0000         0.2369         0.2373
         1.3493         1.5741        -0.0859        -0.0738       300.0000         0.2371         0.2373
         1.3502         1.5753        -0.0863        -0.0741       300.0000         0.2372         0.2373
         1.3508         1.5759        -0.0852        -0.0729       300.0000         0.2374         0.2373
         1.3551         1.5810        -0.0804        -0.0683       300.0000         0.2379         0.2373
         1.3539         1.5796        -0.0807        -0.0691       300.0000         0.2373         0.2373
         1.3507         1.5758        -0.0845        -0.0726       300.0000         0.2370         0.2373
         1.3561         1.5822        -0.0796        -0.0679       300.0000         0.2377         0.2373
         1.3571         1.5833        -0.0742        -0.0626       300.0000         0.2378         0.2373
         1.3598         1.5864        -0.0734        -0.0621       300.0000         0.2379         0.2373
         1.3549         1.5807        -0.0766        -0.0651       300.0000         0.2373         0.2373
         1.3515         1.5768        -0.0817        -0.0703       300.0000         0.2366         0.2373
         1.3577         1.5840        -0.0753        -0.0643       300.0000         0.2373         0.2373
         1.3577         1.5840        -0.0733        -0.0621       300.0000         0.2376         0.2373
         1.3575         1.5838        -0.0754        -0.0641       300.0000         0.2376         0.2373
         1.3524         1.5778        -0.0814        -0.0696       300.0000         0.2373         0.2373
         1.3560         1.5821        -0.0769        -0.0654       300.0000         0.2375         0.2373
Free energy change for the current window:  0.2373
Total free energy change until current window:  -0.2392
End of collection. Increasing lambda value
Equilibration for Lambda =  0.9  and dLambda =  1
         1.5768         1.8020        -0.0725        -0.0589       300.0000         0.2389         0.0000
         1.5783         1.8038        -0.0705        -0.0567       300.0000         0.2392         0.0000
         1.5774         1.8028        -0.0718        -0.0580       300.0000         0.2392         0.0000
         1.5762         1.8013        -0.0729        -0.0589       300.0000         0.2392         0.0000
         1.5810         1.8069        -0.0682        -0.0544       300.0000         0.2397         0.0000
         1.5728         1.7975        -0.0753        -0.0613       300.0000         0.2387         0.0000
         1.5725         1.7971        -0.0746        -0.0606       300.0000         0.2386         0.0000
         1.5748         1.7997        -0.0739        -0.0599       300.0000         0.2389         0.0000
         1.5782         1.8037        -0.0709        -0.0570       300.0000         0.2394         0.0000
         1.5748         1.7998        -0.0743        -0.0604       300.0000         0.2389         0.0000
         1.5722         1.7968        -0.0761        -0.0621       300.0000         0.2386         0.0000
         1.5740         1.7988        -0.0748        -0.0609       300.0000         0.2387         0.0000
         1.5733         1.7980        -0.0742        -0.0604       300.0000         0.2386         0.0000
         1.5777         1.8031        -0.0722        -0.0583       300.0000         0.2392         0.0000
         1.5761         1.8012        -0.0730        -0.0591       300.0000         0.2390         0.0000
         1.5734         1.7982        -0.0745        -0.0607       300.0000         0.2385         0.0000
         1.5788         1.8043        -0.0714        -0.0577       300.0000         0.2393         0.0000
         1.5776         1.8030        -0.0694        -0.0557       300.0000         0.2391         0.0000
         1.5806         1.8064        -0.0686        -0.0550       300.0000         0.2394         0.0000
         1.5795         1.8052        -0.0667        -0.0529       300.0000         0.2394         0.0000
Starting new data collection with values:  0.9   1
         1.5848         1.8112        -0.0621        -0.0485       300.0000         0.2400         0.2400
         1.5843         1.8107        -0.0624        -0.0489       300.0000         0.2399         0.2393
         1.5855         1.8120        -0.0622        -0.0486       300.0000         0.2400         0.2392
         1.5835         1.8097        -0.0646        -0.0510       300.0000         0.2398         0.2392
         1.5783         1.8038        -0.0681        -0.0543       300.0000         0.2392         0.2393
         1.5884         1.8153        -0.0592        -0.0455       300.0000         0.2406         0.2392
         1.5827         1.8088        -0.0657        -0.0519       300.0000         0.2399         0.2392
         1.5794         1.8050        -0.0696        -0.0558       300.0000         0.2395         0.2392
         1.5773         1.8027        -0.0715        -0.0577       300.0000         0.2392         0.2392
         1.5783         1.8037        -0.0711        -0.0572       300.0000         0.2394         0.2392
         1.5797         1.8054        -0.0695        -0.0558       300.0000         0.2394         0.2392
         1.5737         1.7985        -0.0751        -0.0611       300.0000         0.2389         0.2392
         1.5743         1.7992        -0.0743        -0.0603       300.0000         0.2389         0.2392
         1.5744         1.7993        -0.0737        -0.0599       300.0000         0.2388         0.2392
         1.5744         1.7993        -0.0753        -0.0615       300.0000         0.2388         0.2392
         1.5711         1.7955        -0.0773        -0.0635       300.0000         0.2383         0.2392
         1.5705         1.7949        -0.0783        -0.0643       300.0000         0.2383         0.2392
         1.5743         1.7992        -0.0746        -0.0609       300.0000         0.2387         0.2392
         1.5714         1.7959        -0.0761        -0.0623       300.0000         0.2383         0.2392
         1.5731         1.7978        -0.0768        -0.0629       300.0000         0.2387         0.2392
         1.5733         1.7980        -0.0750        -0.0610       300.0000         0.2387         0.2392
         1.5796         1.8053        -0.0692        -0.0554       300.0000         0.2395         0.2392
         1.5801         1.8059        -0.0694        -0.0557       300.0000         0.2395         0.2392
         1.5769         1.8021        -0.0709        -0.0569       300.0000         0.2393         0.2392
         1.5788         1.8043        -0.0716        -0.0578       300.0000         0.2394         0.2392
         1.5766         1.8019        -0.0697        -0.0560       300.0000         0.2390         0.2392
         1.5871         1.8138        -0.0616        -0.0479       300.0000         0.2404         0.2392
         1.5817         1.8076        -0.0659        -0.0522       300.0000         0.2397         0.2392
         1.5814         1.8073        -0.0669        -0.0531       300.0000         0.2397         0.2392
         1.5873         1.8141        -0.0600        -0.0463       300.0000         0.2404         0.2392
         1.5823         1.8084        -0.0640        -0.0504       300.0000         0.2396         0.2392
         1.5837         1.8099        -0.0623        -0.0488       300.0000         0.2397         0.2392
         1.5806         1.8064        -0.0676        -0.0539       300.0000         0.2395         0.2392
         1.5842         1.8106        -0.0641        -0.0504       300.0000         0.2400         0.2392
         1.5805         1.8062        -0.0655        -0.0518       300.0000         0.2394         0.2392
         1.5834         1.8096        -0.0656        -0.0518       300.0000         0.2400         0.2392
         1.5740         1.7988        -0.0746        -0.0608       300.0000         0.2386         0.2392
         1.5717         1.7963        -0.0774        -0.0637       300.0000         0.2383         0.2392
         1.5805         1.8063        -0.0684        -0.0546       300.0000         0.2396         0.2392
         1.5773         1.8027        -0.0717        -0.0580       300.0000         0.2391         0.2392
         1.5775         1.8029        -0.0723        -0.0584       300.0000         0.2392         0.2392
         1.5723         1.7969        -0.0766        -0.0626       300.0000         0.2386         0.2392
         1.5747         1.7997        -0.0739        -0.0600       300.0000         0.2389         0.2392
         1.5748         1.7998        -0.0736        -0.0598       300.0000         0.2388         0.2392
         1.5754         1.8004        -0.0708        -0.0568       300.0000         0.2391         0.2392
         1.5767         1.8019        -0.0738        -0.0598       300.0000         0.2392         0.2392
         1.5738         1.7986        -0.0746        -0.0606       300.0000         0.2388         0.2392
         1.5777         1.8030        -0.0715        -0.0577       300.0000         0.2392         0.2392
         1.5719         1.7965        -0.0764        -0.0625       300.0000         0.2385         0.2392
         1.5746         1.7996        -0.0748        -0.0608       300.0000         0.2390         0.2392
Free energy change for the current window:  0.2392
Total free energy change until current window:  0.0001
End of collection. Increasing lambda value
