Equilibration for Lambda =  0  and dLambda =  0.1
        -5.7352        -5.0183        -9.2315        14.1724       300.0000        24.1208         0.0000
        -1.8557        -1.6237       -12.8203        -3.9833       300.0000         9.0689         0.0000
        -4.2523        -3.7208       -11.6246        -3.4387       300.0000         8.7175         0.0000
        -4.1851        -3.6619       -11.1284       -10.7938       300.0000         0.8578         0.0000
        -5.7426        -5.0247        -6.8445        -4.3630       300.0000         3.1993         0.0000
        -4.1926        -3.6685        -7.8616        -6.0007       300.0000         2.3849         0.0000
        -3.6350        -3.1806        -7.8888        -7.6319       300.0000         0.7112         0.0000
        -1.5353        -1.3434       -10.1602       -10.5067       300.0000        -0.1546         0.0000
        -3.3069        -2.8935        -6.6690        -7.0351       300.0000         0.0472         0.0000
        -5.8254        -5.0972        -6.6028        -6.6321       300.0000         0.6989         0.0000
Starting new data collection with values:  0   0.1
        -6.4262        -5.6229        -6.2357        -6.5267       300.0000         0.5122         0.5122
        -5.6194        -4.9170        -5.6705        -5.6411       300.0000         0.7319         0.5837
        -4.4996        -3.9371        -5.5701        -3.2195       300.0000         2.9130         0.7910
        -1.6559        -1.4489        -5.8206        50.6194       300.0000        56.6470         1.0315
        -5.1233        -4.4829        -4.5424        39.3076       300.0000        44.4905         1.2025
        -6.6669        -5.8336        -5.0751         2.8903       300.0000         8.7988         1.3352
        -7.5831        -6.6352        -6.8116        54.1877       300.0000        61.9471         1.4437
        -4.9815        -4.3588        -8.6411         8.0972       300.0000        17.3610         1.5355
        -4.1252        -3.6095        -7.6114        58.1226       300.0000        66.2496         1.6150
        -4.6033        -4.0279       -10.0426        21.4327       300.0000        32.0507         1.6851
        -5.7285        -5.0124        -9.3584        59.3757       300.0000        69.4501         1.7479
        -7.0910        -6.2046        -8.5580         1.5014       300.0000        10.9458         1.8046
        -6.2166        -5.4395        -9.7799        -2.1677       300.0000         8.3893         1.8565
        -7.9283        -6.9373        -9.1216        -7.0805       300.0000         3.0321         1.9032
        -5.5568        -4.8622        -8.5863        -8.7221       300.0000         0.5588         1.7260
        -5.3887        -4.7151        -9.4994        -9.5085       300.0000         0.6645         1.5000
        -3.9238        -3.4333       -10.4541        -6.6044       300.0000         4.3402         1.4643
        -3.6880        -3.2270        -7.5875        77.4706       300.0000        85.5191         1.5004
        -4.7535        -4.1593        -8.0770       511.2811       300.0000       519.9523         1.5345
        -6.1849        -5.4118        -9.4104        27.7341       300.0000        37.9176         1.5667
        -6.3668        -5.5710        -8.9228       120.6159       300.0000       130.3346         1.5972
        -5.3743        -4.7025        -9.4900       114.8304       300.0000       124.9922         1.6263
        -4.6334        -4.0543        -8.5554        82.5133       300.0000        91.6479         1.6540
        -3.8743        -3.3900        -8.1671        12.2623       300.0000        20.9137         1.6805
        -2.9986        -2.6237        -9.9812        -9.9868       300.0000         0.3692         1.6548
        -2.9355        -2.5686        -9.1680        -9.3040       300.0000         0.2309         1.4905
        -3.6023        -3.1520        -9.8308       -10.0829       300.0000         0.1982         1.3291
        -3.3921        -2.9681        -8.4983        -8.1554       300.0000         0.7669         1.2308
        -4.3169        -3.7773       -10.7557        -5.9892       300.0000         5.3062         1.2380
        -6.1431        -5.3753        -9.3076        64.0271       300.0000        74.1026         1.2589
        -4.4204        -3.8678        -9.1129        48.7328       300.0000        58.3982         1.2791
        -4.5870        -4.0136        -9.2907        23.9083       300.0000        33.7723         1.2987
        -3.6514        -3.1950       -10.9302        -4.6849       300.0000         6.7018         1.3176
        -3.9757        -3.4787       -10.0159        -8.6182       300.0000         1.8946         1.3329
        -4.9059        -4.2926       -10.5807        -9.8560       300.0000         1.3379         1.3398
        -4.4996        -3.9372        -8.4534        -7.7559       300.0000         1.2599         1.3228
        -3.3418        -2.9241       -10.8828        -8.4538       300.0000         2.8466         1.3356
        -3.3075        -2.8940        -9.5533        -1.5007       300.0000         8.4660         1.3515
        -6.6678        -5.8344        -8.8969         9.6744       300.0000        19.4048         1.3674
        -6.3137        -5.5245        -6.8088        25.6106       300.0000        33.2086         1.3829
        -6.5427        -5.7248        -8.8549       209.5369       300.0000       219.2097         1.3979
        -3.9895        -3.4908        -8.2734       314.0796       300.0000       322.8517         1.4127
        -3.9697        -3.4734        -8.8810        91.8717       300.0000       101.2489         1.4270
        -5.9933        -5.2442        -9.7602        10.9990       300.0000        21.5084         1.4411
        -6.9317        -6.0652        -8.0770         3.3826       300.0000        12.3261         1.4548
        -8.2842        -7.2487       -11.0458        15.2443       300.0000        27.3257         1.4681
        -6.6316        -5.8027        -7.1440       189.9176       300.0000       197.8905         1.4812
        -3.2740        -2.8647        -8.8103        76.8332       300.0000        86.0528         1.4941
        -3.8339        -3.3546       -10.4609         5.7086       300.0000        16.6487         1.5066
        -4.9791        -4.3567        -8.1663         1.7082       300.0000        10.4969         1.5189
Free energy change for the current window:  1.5305
Total free energy change until current window:  1.5305
End of collection. Increasing lambda value
Equilibration for Lambda =  0.1  and dLambda =  0.2
        -3.4779        -2.9811        -7.0972        -3.9170       300.0000         3.6771         0.0000
        -2.3549        -2.0185       -11.0502       -10.9843       300.0000         0.4024         0.0000
        -2.7066        -2.3199       -10.6104       -10.8860       300.0000         0.1110         0.0000
        -3.1511        -2.7009        -8.6306        -8.8461       300.0000         0.2346         0.0000
        -3.8325        -3.2850        -9.5890        -9.9007       300.0000         0.2358         0.0000
        -3.3355        -2.8590        -8.4840        -8.5814       300.0000         0.3791         0.0000
        -3.5871        -3.0746        -9.4501        -9.7258       300.0000         0.2367         0.0000
        -1.8406        -1.5776        -9.6969        -9.7186       300.0000         0.2412         0.0000
        -2.2002        -1.8859        -8.8767        -8.9496       300.0000         0.2414         0.0000
        -3.0406        -2.6062        -8.5745        -8.1069       300.0000         0.9019         0.0000
Starting new data collection with values:  0.1   0.2
        -1.3562        -1.1624        -8.7513        -8.3089       300.0000         0.6361         0.6361
        -0.4759        -0.4079       -11.3499       -11.3509       300.0000         0.0670         0.3140
        -3.3124        -2.8392       -10.6866       -10.2494       300.0000         0.9104         0.3188
        -4.1130        -3.5254        -9.1260        -9.1095       300.0000         0.6040         0.4414
        -3.9160        -3.3566       -11.0374       -11.0989       300.0000         0.4980         0.4681
        -2.4629        -2.1111       -10.3461       -10.6279       300.0000         0.0701         0.4106
        -2.5611        -2.1952        -9.2994        -8.9398       300.0000         0.7255         0.4083
        -2.7726        -2.3765        -9.1517        -9.1286       300.0000         0.4192         0.4236
        -4.0925        -3.5079        -8.1618        -7.8749       300.0000         0.8716         0.4557
        -3.6287        -3.1103        -8.6072        -8.6047       300.0000         0.5209         0.4644
        -2.5158        -2.1564       -10.2140       -10.4424       300.0000         0.1310         0.4506
        -3.0294        -2.5967       -10.5463       -10.7989       300.0000         0.1802         0.4033
        -4.0714        -3.4898        -9.3594        -9.5351       300.0000         0.4060         0.3899
        -5.5542        -4.7607       -10.2159       -10.3787       300.0000         0.6307         0.4015
        -3.8134        -3.2686       -10.0814        -9.9517       300.0000         0.6745         0.4159
        -3.2365        -2.7741        -9.0766        -8.3611       300.0000         1.1779         0.4396
        -3.1166        -2.6713        -9.3947        -8.5320       300.0000         1.3079         0.4604
        -5.0902        -4.3630        -9.6428        -8.5760       300.0000         1.7940         0.4930
        -6.3942        -5.4808       -10.4148       -10.5210       300.0000         0.8073         0.5132
        -6.9589        -5.9648        -9.5996        -9.6778       300.0000         0.9160         0.5271
        -5.3738        -4.6061       -10.1761       -10.2649       300.0000         0.6789         0.5373
        -3.2843        -2.8151       -10.8064       -11.1165       300.0000         0.1591         0.5340
        -3.4342        -2.9436        -9.6367        -9.7839       300.0000         0.3434         0.5148
        -4.2691        -3.6592        -9.2571        -9.4732       300.0000         0.3937         0.5052
        -7.2148        -6.1841       -10.0567       -10.3250       300.0000         0.7624         0.5104
        -7.2770        -6.2374        -8.2932        -8.0716       300.0000         1.2612         0.5257
        -7.8004        -6.6861        -8.4464        -8.6047       300.0000         0.9560         0.5395
        -6.6583        -5.7071        -8.1826        -7.7559       300.0000         1.3779         0.5547
        -7.9326        -6.7994        -8.8903        -8.9667       300.0000         1.0569         0.5716
        -7.7717        -6.6614        -7.9727        -8.2347       300.0000         0.8482         0.5794
        -6.4886        -5.5616        -9.7779       -10.0023       300.0000         0.7025         0.5866
        -7.1203        -6.1031        -8.5377        -8.7753       300.0000         0.7796         0.5902
        -8.8266        -7.5657        -7.3266        -7.2965       300.0000         1.2911         0.5966
        -8.8082        -7.5499        -5.9784        -5.0442       300.0000         2.1925         0.6097
        -7.6670        -6.5717        -6.3392        -6.4540       300.0000         0.9805         0.6227
        -6.0364        -5.1740        -6.6753        -6.8856       300.0000         0.6521         0.6289
        -5.5737        -4.7774        -8.3245        -8.3829       300.0000         0.7378         0.6299
        -5.2376        -4.4894        -9.0478        -9.3651       300.0000         0.4310         0.6261
        -6.0177        -5.1580        -7.7551        -8.0435       300.0000         0.5713         0.6230
        -5.5555        -4.7619        -8.9508        -8.9358       300.0000         0.8087         0.6252
        -5.0691        -4.3449        -8.2929        -7.8793       300.0000         1.1378         0.6359
        -3.9390        -3.3763        -8.4175        -8.4305       300.0000         0.5496         0.6384
        -4.1940        -3.5949        -8.9395        -8.9812       300.0000         0.5574         0.6378
        -4.1238        -3.5347        -6.8155        -6.6763       300.0000         0.7283         0.6415
        -4.2527        -3.6452        -9.1767        -9.5502       300.0000         0.2340         0.6389
        -5.5887        -4.7903        -7.9852        -8.1513       300.0000         0.6323         0.6317
        -7.0912        -6.0782        -8.4812        -8.3994       300.0000         1.0948         0.6371
        -6.4529        -5.5311        -8.4516        -8.3898       300.0000         0.9836         0.6440
        -6.3821        -5.4704        -7.5955        -7.5043       300.0000         1.0029         0.6483
        -8.3017        -7.1157        -7.4180        -7.6025       300.0000         1.0015         0.6536
Free energy change for the current window:  0.6590
Total free energy change until current window:  2.1895
End of collection. Increasing lambda value
Equilibration for Lambda =  0.2  and dLambda =  0.3
        -7.1800        -6.2830        -5.4748        -4.4278       300.0000         1.9441         0.0000
        -7.0441        -6.2660        -7.0600        -6.2457       300.0000         1.5925         0.0000
        -7.2097        -6.4295        -9.3257        -8.6513       300.0000         1.4547         0.0000
        -5.7440        -5.0471        -9.2468        -8.4226       300.0000         1.5211         0.0000
        -5.3099        -4.8093       -10.1713        -9.1217       300.0000         1.5502         0.0000
        -7.1595        -6.2611        -8.9886        -7.9833       300.0000         1.9036         0.0000
        -7.6545        -6.8540        -9.3633        -8.4553       300.0000         1.7086         0.0000
        -6.9063        -6.3524        -9.3098        -8.3706       300.0000         1.4931         0.0000
        -6.9512        -6.2876        -9.5998        -8.6360       300.0000         1.6275         0.0000
        -8.1244        -7.3341        -9.3483        -8.3893       300.0000         1.7492         0.0000
Starting new data collection with values:  0.2   0.3
        -5.3257        -4.7314       -10.0655        -9.1268       300.0000         1.5330         1.5330
        -6.8644        -6.1503        -9.8146        -8.9292       300.0000         1.5995         1.6461
        -7.2310        -6.4717        -7.9845        -7.1073       300.0000         1.6365         1.6123
        -6.9162        -6.2015       -10.2450        -9.4241       300.0000         1.5355         1.5942
        -6.0127        -5.4151        -8.0048        -7.2716       300.0000         1.3309         1.5691
        -6.6906        -6.0318        -9.6910        -8.7843       300.0000         1.5655         1.5171
        -6.5918        -5.9788        -8.2466        -7.2857       300.0000         1.5740         1.5211
        -6.2057        -5.5714        -7.6781        -6.7789       300.0000         1.5335         1.5512
        -6.2633        -5.5840        -8.9544        -8.1625       300.0000         1.4712         1.5378
        -5.5981        -5.0443        -8.2308        -7.4849       300.0000         1.2997         1.5321
        -4.9578        -4.3295        -9.5069        -8.7503       300.0000         1.3848         1.5215
        -4.0863        -3.7227        -8.3407        -7.6710       300.0000         1.0333         1.4874
        -4.3157        -3.9604        -6.9720        -6.0653       300.0000         1.2619         1.4333
        -4.4079        -4.1381        -7.9003        -7.3697       300.0000         0.8004         1.3822
        -4.5181        -4.1629        -6.6581        -5.7602       300.0000         1.2531         1.3528
        -5.4208        -4.9750        -5.6387        -5.1516       300.0000         0.9330         1.3420
        -5.6170        -5.1118        -8.7119        -8.1134       300.0000         1.1037         1.3220
        -5.9407        -5.2596        -7.6715        -7.0618       300.0000         1.2909         1.3140
        -4.6435        -4.0484        -8.0689        -7.2430       300.0000         1.4210         1.3111
        -4.9684        -4.3271        -9.1097        -8.3050       300.0000         1.4461         1.3180
        -5.9860        -5.4188        -8.4503        -7.4527       300.0000         1.5648         1.3227
        -6.8142        -6.1550        -8.1769        -7.0833       300.0000         1.7528         1.3327
        -6.5410        -5.7558        -8.1041        -7.3011       300.0000         1.5881         1.3458
        -6.0969        -5.3604        -9.0302        -7.9708       300.0000         1.7959         1.3574
        -6.7904        -6.1582        -8.7433        -8.1122       300.0000         1.2633         1.3562
        -5.5559        -4.8528        -9.1390        -8.2425       300.0000         1.5997         1.3610
        -5.8869        -5.3534        -8.4647        -7.3157       300.0000         1.6825         1.3729
        -5.4825        -4.9449        -7.8397        -7.0278       300.0000         1.3495         1.3779
        -6.6548        -5.9955        -8.9242        -7.9714       300.0000         1.6121         1.3805
        -7.1647        -6.3680        -8.5546        -7.7737       300.0000         1.5777         1.3862
        -7.4090        -6.4978        -9.3696        -8.6806       300.0000         1.6003         1.3875
        -6.8551        -6.1158        -7.4383        -6.7954       300.0000         1.3822         1.3980
        -7.0544        -6.2103        -9.4037        -8.4551       300.0000         1.7927         1.4030
        -6.1257        -5.4348        -8.4642        -7.3831       300.0000         1.7721         1.4133
        -6.9347        -6.1713        -8.3079        -7.5751       300.0000         1.4962         1.4178
        -5.0515        -4.5181       -10.2026        -9.3598       300.0000         1.3762         1.4179
        -4.1530        -3.9429        -8.2823        -7.0604       300.0000         1.4320         1.4209
        -4.8544        -4.4654       -10.0036        -9.0018       300.0000         1.3909         1.4216
        -3.1483        -2.7506       -10.7301        -9.7677       300.0000         1.3600         1.4194
        -3.7165        -3.2501       -10.4906        -9.4919       300.0000         1.4652         1.4156
        -4.0083        -3.6128        -9.4554        -8.6198       300.0000         1.2311         1.4130
        -4.8174        -4.5197        -9.2005        -7.5970       300.0000         1.9012         1.4149
        -4.9693        -4.5937        -9.0564        -8.0209       300.0000         1.4110         1.4176
        -5.4659        -5.0667        -7.6301        -6.7140       300.0000         1.3153         1.4143
        -3.9470        -3.7553        -7.7095        -6.7430       300.0000         1.1583         1.4103
        -3.8614        -3.6497        -8.1861        -7.5556       300.0000         0.8421         1.3943
        -5.6623        -5.1092        -8.0636        -7.4376       300.0000         1.1791         1.3819
        -6.3907        -5.6486        -7.4307        -6.9091       300.0000         1.2636         1.3785
        -5.0779        -4.2666        -8.5722        -7.5228       300.0000         1.8607         1.3806
        -4.5998        -4.0255        -8.7867        -7.8112       300.0000         1.5498         1.3855
Free energy change for the current window:  1.3862
Total free energy change until current window:  3.5757
End of collection. Increasing lambda value
Equilibration for Lambda =  0.3  and dLambda =  0.4
        -4.0797        -3.6430        -6.5313        -5.3668       300.0000         1.6011         0.0000
        -4.3403        -3.9516        -8.1087        -7.1769       300.0000         1.3205         0.0000
        -3.8687        -3.6270        -7.6209        -6.8925       300.0000         0.9701         0.0000
        -4.4162        -3.9079        -8.3302        -7.5797       300.0000         1.2588         0.0000
        -4.8807        -4.4186        -7.0980        -6.1199       300.0000         1.4401         0.0000
        -5.0801        -4.5738        -8.8449        -8.0137       300.0000         1.3375         0.0000
        -5.1372        -4.5278        -7.3466        -6.5416       300.0000         1.4145         0.0000
        -5.3670        -4.8120        -7.6469        -6.9763       300.0000         1.2256         0.0000
        -5.3171        -4.7226        -7.1301        -6.3099       300.0000         1.4147         0.0000
        -5.8504        -5.1159        -8.0675        -7.3164       300.0000         1.4857         0.0000
Starting new data collection with values:  0.3   0.4
        -6.3730        -5.6663        -7.6569        -7.0619       300.0000         1.3017         1.3017
        -5.5867        -5.0600        -8.6788        -7.7748       300.0000         1.4307         1.3823
        -4.7197        -4.2133        -7.8341        -7.0088       300.0000         1.3318         1.4022
        -4.9489        -4.4646        -7.6579        -7.0472       300.0000         1.0950         1.3163
        -4.6142        -4.0944        -9.1134        -8.4881       300.0000         1.1450         1.2613
        -4.7165        -4.3464        -6.7066        -6.0385       300.0000         1.0382         1.2498
        -4.5919        -4.1581        -7.5284        -6.6752       300.0000         1.2870         1.2207
        -5.0948        -4.6040        -7.1250        -6.4047       300.0000         1.2111         1.2130
        -4.4001        -4.0584        -8.1481        -7.2354       300.0000         1.2544         1.2025
        -5.0044        -4.2781        -7.8114        -7.1070       300.0000         1.4306         1.2225
        -5.4625        -4.7582        -7.9146        -7.1003       300.0000         1.5186         1.2479
        -5.1843        -4.5507        -7.3973        -6.7199       300.0000         1.3110         1.2515
        -5.1298        -4.4734        -7.2887        -6.6826       300.0000         1.2626         1.2549
        -5.2394        -4.5209        -6.8487        -6.1449       300.0000         1.4223         1.2569
        -5.3164        -4.7710        -6.9542        -6.2078       300.0000         1.2918         1.2709
        -5.7247        -5.0820        -6.3724        -5.4989       300.0000         1.5163         1.2835
        -4.4851        -3.8661        -8.9894        -8.0521       300.0000         1.5563         1.2948
        -5.5025        -4.9969        -5.9859        -5.1529       300.0000         1.3386         1.3035
        -4.1706        -3.5715        -9.3559        -8.4405       300.0000         1.5145         1.3014
        -4.1335        -3.7099        -8.5966        -7.9151       300.0000         1.1052         1.3011
        -3.7151        -3.4503        -8.4468        -7.6310       300.0000         1.0806         1.2832
        -3.4708        -3.3869        -8.3903        -7.6257       300.0000         0.8484         1.2662
        -4.5932        -4.2518        -8.2919        -7.4845       300.0000         1.1488         1.2569
        -5.4532        -5.0106        -7.7984        -7.1161       300.0000         1.1248         1.2488
        -6.1129        -5.5157        -7.7024        -6.7497       300.0000         1.5500         1.2509
        -6.2513        -5.6221        -7.9111        -7.1647       300.0000         1.3756         1.2608
        -5.3064        -4.5537        -8.6499        -7.9917       300.0000         1.4109         1.2664
        -5.3803        -4.6670        -6.8666        -6.2378       300.0000         1.3421         1.2690
        -6.0798        -5.3296        -6.4480        -6.0249       300.0000         1.1733         1.2709
        -5.9937        -5.0170        -7.3257        -6.3755       300.0000         1.9268         1.2765
        -5.7621        -5.0560        -6.8462        -6.2995       300.0000         1.2528         1.2858
        -4.8556        -4.2384        -7.9371        -6.9389       300.0000         1.6154         1.2914
        -4.1171        -3.5860        -6.5265        -5.8917       300.0000         1.1659         1.2948
        -5.7420        -5.1046        -7.3795        -6.7496       300.0000         1.2673         1.2946
        -5.3555        -4.8170        -8.2659        -7.6155       300.0000         1.1889         1.2949
        -4.8968        -4.5068        -7.1372        -6.6418       300.0000         0.8854         1.2882
        -4.4840        -4.1924        -7.4766        -6.5867       300.0000         1.1815         1.2814
        -5.0745        -4.7041        -6.8910        -5.9369       300.0000         1.3245         1.2819
        -4.6724        -4.3260        -8.2175        -7.3805       300.0000         1.1834         1.2802
        -4.4750        -3.9052        -8.4239        -7.6536       300.0000         1.3401         1.2797
        -4.3037        -3.8658        -7.9725        -7.3417       300.0000         1.0687         1.2797
        -4.7515        -4.0723        -7.4157        -6.6684       300.0000         1.4265         1.2787
        -5.2673        -4.6744        -8.8561        -7.9633       300.0000         1.4857         1.2834
        -5.5498        -5.0483        -5.8730        -4.9038       300.0000         1.4707         1.2863
        -4.9542        -4.4732        -7.5509        -6.7481       300.0000         1.2838         1.2886
        -4.9682        -4.5001        -7.6905        -7.1239       300.0000         1.0347         1.2878
        -4.6652        -4.3220        -7.0614        -6.5749       300.0000         0.8297         1.2792
        -4.2485        -3.7281        -7.8396        -7.1412       300.0000         1.2188         1.2741
        -4.9562        -4.4688        -6.5454        -5.2665       300.0000         1.7663         1.2766
        -4.6259        -4.2479        -7.4542        -6.4093       300.0000         1.4228         1.2803
Free energy change for the current window:  1.2796
Total free energy change until current window:  4.8553
End of collection. Increasing lambda value
Equilibration for Lambda =  0.4  and dLambda =  0.5
        -3.0363        -2.7449        -7.5833        -6.7186       300.0000         1.1561         0.0000
        -3.0497        -2.6375        -7.1337        -6.5460       300.0000         0.9999         0.0000
        -3.4880        -3.0175        -8.1611        -7.4141       300.0000         1.2176         0.0000
        -3.1043        -2.8477        -6.5371        -5.7125       300.0000         1.0813         0.0000
        -3.0700        -2.9984        -8.2084        -7.4544       300.0000         0.8257         0.0000
        -4.0949        -4.0255        -6.5390        -6.0210       300.0000         0.5873         0.0000
        -4.3590        -4.2510        -6.6081        -5.7439       300.0000         0.9722         0.0000
        -4.3754        -4.3417        -7.3293        -6.7534       300.0000         0.6096         0.0000
        -3.9186        -3.8690        -7.2092        -6.4609       300.0000         0.7979         0.0000
        -3.3089        -3.1951        -8.2432        -7.5277       300.0000         0.8293         0.0000
Starting new data collection with values:  0.4   0.5
        -3.6680        -3.4295        -7.2715        -6.4011       300.0000         1.1089         1.1089
        -3.4250        -3.1592        -8.6343        -7.8225       300.0000         1.0776         1.0804
        -4.1283        -3.7201        -7.6361        -6.7072       300.0000         1.3371         1.1095
        -4.8565        -4.4040        -6.0751        -5.4028       300.0000         1.1248         1.1589
        -4.3808        -3.8790        -6.7410        -5.9691       300.0000         1.2736         1.1912
        -4.8750        -4.3751        -7.0855        -6.4344       300.0000         1.1509         1.2110
        -5.0489        -4.3350        -6.5887        -5.8918       300.0000         1.4108         1.2108
        -4.7015        -3.9960        -7.2910        -6.6295       300.0000         1.3670         1.2280
        -4.2028        -3.7124        -6.8163        -6.2748       300.0000         1.0319         1.2195
        -4.2765        -3.7875        -6.8347        -5.9453       300.0000         1.3784         1.2232
        -4.7730        -4.1541        -5.5787        -4.9181       300.0000         1.2795         1.2387
        -4.3480        -3.7966        -6.8452        -6.0115       300.0000         1.3852         1.2451
        -4.3026        -3.9243        -6.8971        -6.3527       300.0000         0.9227         1.2435
        -4.7128        -4.1750        -7.2557        -6.5316       300.0000         1.2619         1.2389
        -4.5731        -3.9951        -7.2834        -6.5897       300.0000         1.2718         1.2407
        -4.0426        -3.6320        -7.6853        -7.0577       300.0000         1.0381         1.2282
        -4.4494        -3.9916        -7.0485        -6.4100       300.0000         1.0963         1.2184
        -5.4117        -4.8015        -6.1144        -5.4178       300.0000         1.3068         1.2190
        -4.4046        -3.9889        -6.3364        -5.5553       300.0000         1.1968         1.2186
        -3.9754        -3.5574        -7.6483        -6.9510       300.0000         1.1154         1.2165
        -4.2899        -3.5859        -6.7325        -6.3127       300.0000         1.1238         1.2146
        -4.0159        -3.4004        -6.3955        -5.8923       300.0000         1.1188         1.2098
        -4.4144        -3.9135        -7.4891        -6.8344       300.0000         1.1556         1.2079
        -4.9548        -4.4692        -6.5117        -5.8420       300.0000         1.1552         1.2087
        -4.8264        -4.3892        -5.4872        -4.5645       300.0000         1.3598         1.2142
        -4.7526        -4.2376        -6.9160        -6.0091       300.0000         1.4220         1.2164
        -4.5284        -3.8658        -6.6630        -5.9926       300.0000         1.3329         1.2185
        -4.2382        -3.7251        -7.3583        -6.6279       300.0000         1.2435         1.2214
        -4.0997        -3.6774        -6.8794        -6.2778       300.0000         1.0239         1.2231
        -3.9546        -3.2085        -6.5955        -5.8248       300.0000         1.5169         1.2261
        -4.9614        -4.2497        -6.7714        -5.8994       300.0000         1.5837         1.2345
        -5.0374        -4.3526        -7.8476        -7.0883       300.0000         1.4442         1.2402
        -4.3892        -4.0047        -7.0967        -6.4675       300.0000         1.0138         1.2406
        -4.6252        -4.2124        -7.9743        -7.1774       300.0000         1.2096         1.2349
        -3.9756        -3.8220        -7.0375        -6.1616       300.0000         1.0295         1.2350
        -4.7399        -4.5968        -7.8206        -7.0878       300.0000         0.8758         1.2195
        -3.8239        -3.7113        -8.3688        -7.6032       300.0000         0.8782         1.2042
        -3.6635        -3.4688        -7.8498        -7.2077       300.0000         0.8367         1.1932
        -2.9609        -2.7065        -8.9478        -8.0908       300.0000         1.1114         1.1867
        -3.0979        -2.9978        -8.1401        -7.2948       300.0000         0.9453         1.1823
        -3.2696        -3.0065        -8.2215        -7.3665       300.0000         1.1181         1.1744
        -4.0088        -3.7690        -7.5111        -6.7711       300.0000         0.9798         1.1689
        -4.9155        -4.5493        -6.7195        -5.8127       300.0000         1.2730         1.1672
        -4.7181        -4.3607        -6.9900        -6.2651       300.0000         1.0823         1.1667
        -4.8946        -4.4205        -6.5388        -5.7672       300.0000         1.2457         1.1659
        -4.8693        -4.0417        -6.7252        -5.9791       300.0000         1.5737         1.1695
        -4.6906        -4.1126        -6.8657        -6.1917       300.0000         1.2521         1.1723
        -5.1708        -4.2848        -6.8508        -6.2149       300.0000         1.5220         1.1767
        -4.5600        -3.7479        -7.0437        -6.3177       300.0000         1.5382         1.1826
        -5.4865        -4.6623        -7.0066        -6.2941       300.0000         1.5367         1.1881
Free energy change for the current window:  1.1935
Total free energy change until current window:  6.0488
End of collection. Increasing lambda value
Equilibration for Lambda =  0.5  and dLambda =  0.6
        -3.7222        -2.9213        -6.3338        -5.7387       300.0000         1.3960         0.0000
        -3.4634        -3.0916        -6.1028        -5.4783       300.0000         0.9963         0.0000
        -3.6440        -3.2695        -5.8487        -5.2749       300.0000         0.9483         0.0000
        -4.1299        -3.9411        -5.9712        -5.3348       300.0000         0.8252         0.0000
        -4.2395        -4.0406        -7.7489        -7.1218       300.0000         0.8259         0.0000
        -3.8436        -3.6043        -6.3542        -5.6127       300.0000         0.9808         0.0000
        -3.9377        -3.7349        -6.3321        -5.7854       300.0000         0.7496         0.0000
        -3.7521        -3.3656        -6.2452        -5.6983       300.0000         0.9334         0.0000
        -3.2444        -2.7650        -6.7312        -6.1590       300.0000         1.0516         0.0000
        -4.2133        -3.7229        -6.5186        -5.9075       300.0000         1.1016         0.0000
Starting new data collection with values:  0.5   0.6
        -4.2082        -3.6282        -6.2783        -5.6165       300.0000         1.2418         1.2418
        -3.6832        -3.0861        -4.6197        -3.9873       300.0000         1.2295         1.3843
        -4.5322        -3.8813        -5.7317        -5.1849       300.0000         1.1976         1.2449
        -4.6065        -4.0318        -6.3418        -5.6741       300.0000         1.2424         1.1656
        -3.8676        -3.3721        -6.7199        -6.1040       300.0000         1.1114         1.1478
        -4.0468        -3.5539        -4.4291        -4.1415       300.0000         0.7806         1.1361
        -4.5031        -3.8655        -6.3808        -5.4465       300.0000         1.5720         1.1399
        -4.3155        -3.5685        -5.6822        -4.8191       300.0000         1.6103         1.1692
        -4.3445        -3.7198        -6.5033        -5.9137       300.0000         1.2143         1.1847
        -3.5636        -3.1446        -5.8364        -5.2690       300.0000         0.9863         1.1817
        -3.2601        -2.8573        -6.9713        -6.2306       300.0000         1.1436         1.1804
        -3.5509        -3.1379        -5.2831        -4.7230       300.0000         0.9730         1.1650
        -3.8694        -3.1997        -6.3152        -5.6651       300.0000         1.3198         1.1615
        -4.0224        -3.7401        -6.7649        -6.1999       300.0000         0.8473         1.1414
        -3.5600        -3.3469        -6.8024        -6.0565       300.0000         0.9591         1.1154
        -4.3099        -4.2748        -7.1341        -6.5740       300.0000         0.5952         1.0966
        -4.1228        -4.1923        -7.7865        -7.0655       300.0000         0.6515         1.0503
        -3.2119        -3.4466        -7.6198        -7.1096       300.0000         0.2755         0.9810
        -3.3188        -3.7552        -7.0803        -6.2493       300.0000         0.3946         0.8999
        -2.9043        -3.3407        -7.4373        -6.5489       300.0000         0.4521         0.8804
        -3.0838        -3.2967        -7.3986        -6.7040       300.0000         0.4818         0.8520
        -4.3124        -4.1524        -6.3426        -5.7731       300.0000         0.7296         0.8354
        -3.6805        -3.7175        -7.9335        -7.1053       300.0000         0.7912         0.8296
        -3.1899        -3.1465        -6.4652        -5.5805       300.0000         0.9282         0.8311
        -3.0603        -2.8477        -6.0942        -5.7288       300.0000         0.5780         0.8308
        -3.0595        -2.7744        -6.8184        -6.1836       300.0000         0.9199         0.8223
        -3.3153        -3.0566        -7.6332        -6.8636       300.0000         1.0282         0.8274
        -4.1254        -3.9131        -6.0436        -5.2823       300.0000         0.9735         0.8310
        -4.1169        -3.9626        -6.8013        -6.1918       300.0000         0.7638         0.8290
        -4.1728        -4.1168        -6.9125        -6.2032       300.0000         0.7654         0.8253
        -4.4218        -4.4054        -5.7523        -4.8959       300.0000         0.8728         0.8262
        -4.3697        -4.3043        -7.1393        -6.4127       300.0000         0.7919         0.8271
        -3.1689        -3.1073        -6.8962        -6.1682       300.0000         0.7895         0.8265
        -2.7438        -2.7973        -5.9811        -5.4769       300.0000         0.4507         0.8163
        -2.8903        -2.8564        -6.2203        -5.6160       300.0000         0.6382         0.8073
        -3.9212        -3.6288        -6.3469        -5.7531       300.0000         0.8863         0.8050
        -4.3921        -3.9998        -5.6614        -4.7839       300.0000         1.2698         0.8106
        -3.8505        -3.3147        -6.5641        -5.9455       300.0000         1.1544         0.8184
        -3.5464        -2.9232        -6.0753        -5.4642       300.0000         1.2344         0.8250
        -3.9990        -3.6110        -4.6104        -4.1587       300.0000         0.8397         0.8290
        -4.0084        -3.5816        -6.6714        -6.0159       300.0000         1.0823         0.8337
        -3.4932        -2.8949        -6.4155        -5.6918       300.0000         1.3220         0.8413
        -4.3061        -3.7442        -4.4203        -3.7550       300.0000         1.2272         0.8479
        -4.0554        -3.4636        -6.7444        -6.0093       300.0000         1.3269         0.8529
        -3.5131        -3.0333        -6.7793        -6.2038       300.0000         1.0552         0.8604
        -4.1431        -3.5574        -5.8744        -5.2729       300.0000         1.1872         0.8652
        -3.7604        -3.0996        -6.4784        -5.6122       300.0000         1.5270         0.8716
        -4.3189        -3.7855        -5.8290        -5.1581       300.0000         1.2043         0.8785
        -4.1199        -3.6860        -6.4564        -5.8726       300.0000         1.0177         0.8825
        -3.3143        -2.8722        -6.1958        -5.5580       300.0000         1.0799         0.8862
Free energy change for the current window:  0.8911
Total free energy change until current window:  6.9399
End of collection. Increasing lambda value
Equilibration for Lambda =  0.6  and dLambda =  0.7
        -3.5761        -3.0191        -5.9207        -5.1594       300.0000         1.3182         0.0000
        -4.0052        -3.3446        -5.4776        -4.9895       300.0000         1.1487         0.0000
        -3.8221        -3.3000        -5.0988        -4.4239       300.0000         1.1969         0.0000
        -3.7194        -3.4346        -5.4178        -4.7448       300.0000         0.9577         0.0000
        -3.9952        -3.6718        -6.7660        -6.0633       300.0000         1.0262         0.0000
        -3.6334        -3.1742        -5.3910        -4.8741       300.0000         0.9762         0.0000
        -3.5592        -3.0433        -5.8427        -5.1649       300.0000         1.1936         0.0000
        -4.1815        -3.7163        -6.5182        -5.9563       300.0000         1.0271         0.0000
        -3.8183        -3.3375        -5.5514        -4.9341       300.0000         1.0981         0.0000
        -3.2628        -2.8870        -5.9281        -5.2237       300.0000         1.0802         0.0000
Starting new data collection with values:  0.6   0.7
        -3.8356        -3.4934        -5.6627        -5.0903       300.0000         0.9147         0.9147
        -2.8826        -2.3004        -6.2975        -5.5334       300.0000         1.3463         1.1665
        -3.1002        -2.7574        -5.7831        -5.0565       300.0000         1.0693         1.1763
        -3.0323        -2.8256        -5.8612        -5.2017       300.0000         0.8662         1.0788
        -3.5215        -3.2732        -6.0415        -5.4228       300.0000         0.8670         0.9656
        -3.6268        -3.2668        -6.2062        -5.6117       300.0000         0.9544         0.9592
        -3.9561        -3.6287        -4.8832        -4.1259       300.0000         1.0848         0.9744
        -3.6285        -3.4032        -5.3436        -4.4477       300.0000         1.1212         1.0008
        -3.4599        -3.1981        -5.7568        -5.1748       300.0000         0.8439         0.9865
        -3.3585        -2.8870        -6.3100        -5.7299       300.0000         1.0516         0.9691
        -2.5555        -2.1362        -4.9429        -4.3920       300.0000         0.9701         0.9782
        -2.8037        -2.4373        -6.1416        -5.4470       300.0000         1.0609         0.9734
        -4.0695        -3.7073        -5.2257        -4.6260       300.0000         0.9620         0.9744
        -3.7606        -3.5558        -6.0835        -5.3870       300.0000         0.9014         0.9731
        -2.9713        -3.1400        -6.1638        -5.4940       300.0000         0.5010         0.9538
        -3.0844        -3.2896        -5.4780        -4.8666       300.0000         0.4062         0.9055
        -3.3898        -3.3450        -5.4612        -5.0591       300.0000         0.4470         0.8565
        -3.8108        -3.8144        -6.4068        -6.0381       300.0000         0.3651         0.8311
        -4.5084        -4.3369        -5.7315        -5.3288       300.0000         0.5742         0.8121
        -4.5806        -4.3913        -7.3338        -6.6009       300.0000         0.9222         0.8121
        -4.2440        -4.0973        -5.0884        -4.3010       300.0000         0.9341         0.8092
        -3.9678        -3.9018        -5.1347        -4.4516       300.0000         0.7491         0.8061
        -3.2936        -3.1326        -6.7570        -6.0230       300.0000         0.8949         0.8080
        -2.8550        -2.6311        -6.6843        -6.2320       300.0000         0.6762         0.8057
        -2.5681        -2.2594        -6.2562        -5.7457       300.0000         0.8192         0.8034
        -3.0686        -2.8814        -6.3504        -5.5966       300.0000         0.9411         0.8067
        -4.0883        -3.8210        -5.7847        -5.0405       300.0000         1.0115         0.8107
        -4.1606        -3.8242        -5.4984        -4.6069       300.0000         1.2279         0.8219
        -3.7649        -3.6999        -6.2027        -5.6050       300.0000         0.6627         0.8229
        -3.0787        -3.0275        -6.3928        -5.7321       300.0000         0.7119         0.8133
        -2.7669        -2.7421        -6.7275        -6.2544       300.0000         0.4979         0.8078
        -3.6104        -3.5248        -5.9022        -5.2991       300.0000         0.6886         0.8026
        -3.8894        -3.8982        -5.8932        -5.2346       300.0000         0.6498         0.7975
        -4.0985        -4.0094        -5.0209        -4.1855       300.0000         0.9245         0.7966
        -4.2564        -4.1231        -5.4944        -4.8912       300.0000         0.7365         0.7945
        -3.3465        -3.2971        -6.4873        -6.0368       300.0000         0.4998         0.7897
        -3.4728        -3.3299        -5.6363        -5.2254       300.0000         0.5538         0.7843
        -2.7504        -2.5260        -6.5423        -5.9368       300.0000         0.8299         0.7761
        -2.7477        -2.5927        -6.8285        -6.1690       300.0000         0.8143         0.7773
        -3.5381        -3.4944        -5.2095        -4.5476       300.0000         0.7056         0.7772
        -3.2059        -3.0726        -5.5678        -4.7386       300.0000         0.9625         0.7796
        -3.8351        -3.6386        -4.2564        -3.6801       300.0000         0.7728         0.7833
        -3.3593        -3.1929        -5.5831        -5.0444       300.0000         0.7050         0.7833
        -2.7988        -2.5330        -6.3359        -5.7378       300.0000         0.8639         0.7853
        -3.5834        -3.1812        -5.5124        -4.9712       300.0000         0.9434         0.7892
        -3.6535        -3.1036        -5.5931        -5.0881       300.0000         1.0549         0.7894
        -3.3527        -2.8257        -5.4633        -4.6902       300.0000         1.3002         0.7955
        -3.7202        -3.3226        -5.3103        -4.5786       300.0000         1.1292         0.8017
        -3.4868        -2.9784        -5.6155        -5.0837       300.0000         1.0402         0.8003
        -3.1636        -2.6446        -6.3464        -5.7176       300.0000         1.1478         0.8066
Free energy change for the current window:  0.8091
Total free energy change until current window:  7.7490
End of collection. Increasing lambda value
Equilibration for Lambda =  0.7  and dLambda =  0.8
        -3.3173        -3.0639        -5.2581        -4.7641       300.0000         0.7475         0.0000
        -3.2418        -2.9164        -5.1009        -4.6238       300.0000         0.8024         0.0000
        -3.8428        -3.5693        -5.7811        -5.3221       300.0000         0.7325         0.0000
        -4.2461        -4.1083        -4.9848        -4.6822       300.0000         0.4405         0.0000
        -4.2764        -4.1472        -5.1445        -4.9471       300.0000         0.3266         0.0000
        -4.4870        -4.4565        -4.9570        -4.5338       300.0000         0.4537         0.0000
        -4.0126        -3.8955        -5.8035        -5.2598       300.0000         0.6608         0.0000
        -4.1587        -4.2347        -5.5524        -5.0097       300.0000         0.4667         0.0000
        -3.4608        -3.6440        -6.4280        -5.9587       300.0000         0.2862         0.0000
        -3.5952        -3.7983        -5.2359        -4.8262       300.0000         0.2066         0.0000
Starting new data collection with values:  0.7   0.8
        -4.0363        -4.2219        -5.8975        -5.5478       300.0000         0.1641         0.1641
        -3.6301        -4.0521        -5.7329        -5.3760       300.0000        -0.0651         0.1395
        -3.5527        -4.1651        -6.3937        -5.7817       300.0000        -0.0004        -0.1370
        -3.4568        -4.0986        -6.3119        -5.7075       300.0000        -0.0374        -0.0869
        -4.2799        -4.8295        -6.0132        -5.3108       300.0000         0.1528        -0.0492
        -3.7519        -3.9636        -5.2623        -4.7880       300.0000         0.2626        -0.0251
        -4.2174        -4.4976        -5.0476        -4.6859       300.0000         0.0814        -0.0016
        -4.0959        -4.6759        -5.5847        -4.9493       300.0000         0.0554         0.0149
        -3.6312        -4.3124        -5.8428        -5.1573       300.0000         0.0043         0.0025
        -3.8948        -4.4554        -5.4285        -4.8633       300.0000         0.0046         0.0005
        -4.3550        -4.7778        -5.8184        -5.3880       300.0000         0.0076        -0.0019
        -3.7794        -4.0781        -6.6804        -6.1389       300.0000         0.2428         0.0150
        -3.2386        -3.5698        -7.2433        -6.5743       300.0000         0.3377         0.0300
        -3.2977        -3.6624        -6.2385        -5.6578       300.0000         0.2159         0.0456
        -4.1111        -4.4345        -6.4505        -5.9385       300.0000         0.1886         0.0560
        -4.0441        -4.2004        -5.7145        -5.4310       300.0000         0.1272         0.0645
        -3.4040        -3.6291        -6.9141        -6.4291       300.0000         0.2599         0.0768
        -3.6874        -4.0119        -7.5429        -6.9648       300.0000         0.2536         0.0862
        -3.9393        -4.3078        -6.2720        -5.5976       300.0000         0.3058         0.0957
        -4.0718        -4.5689        -6.8469        -6.1596       300.0000         0.1902         0.1010
        -4.6331        -5.0566        -7.1801        -6.6289       300.0000         0.1278         0.1052
        -4.9110        -5.4869        -6.9719        -6.3184       300.0000         0.0776         0.1046
        -4.1252        -4.5507        -5.3181        -4.5579       300.0000         0.3347         0.1084
        -4.5885        -4.8351        -5.8977        -5.3471       300.0000         0.3040         0.1168
        -4.9777        -5.1980        -6.3317        -5.9579       300.0000         0.1535         0.1211
        -3.5382        -3.7253        -7.2526        -6.6078       300.0000         0.4577         0.1242
        -3.8907        -4.3255        -6.2029        -5.5083       300.0000         0.2598         0.1328
        -3.6631        -4.2992        -6.2064        -5.6113       300.0000        -0.0410         0.1298
        -3.3301        -4.0499        -6.4608        -5.8862       300.0000        -0.1452         0.1238
        -3.2296        -3.8804        -5.3353        -4.7775       300.0000        -0.0931         0.1163
        -2.8873        -3.3690        -6.2494        -5.8123       300.0000        -0.0447         0.1106
        -3.1709        -3.5254        -5.4457        -4.9704       300.0000         0.1209         0.1096
        -3.5288        -4.0641        -4.7359        -4.2535       300.0000        -0.0530         0.1065
        -3.6638        -4.1219        -5.9759        -5.2452       300.0000         0.2728         0.1067
        -4.4053        -4.9843        -5.9473        -5.3836       300.0000        -0.0153         0.1039
        -4.5794        -5.2419        -5.8568        -5.2216       300.0000        -0.0274         0.0983
        -3.5339        -4.2678        -7.1801        -6.4093       300.0000         0.0369         0.0977
        -3.9875        -4.6338        -6.8777        -6.1887       300.0000         0.0427         0.0950
        -3.6806        -4.1217        -6.2797        -5.7173       300.0000         0.1214         0.0957
        -3.6849        -3.9834        -6.0214        -5.4135       300.0000         0.3094         0.0992
        -3.2203        -3.4197        -6.8462        -6.2530       300.0000         0.3937         0.1020
        -3.5828        -3.8074        -6.8027        -6.1520       300.0000         0.4261         0.1083
        -4.0786        -4.3611        -6.5745        -5.9164       300.0000         0.3756         0.1133
        -3.4293        -3.8129        -7.0222        -6.3971       300.0000         0.2415         0.1175
        -3.9487        -4.3949        -6.1488        -5.7310       300.0000        -0.0284         0.1201
        -4.2969        -4.7108        -5.8176        -5.0062       300.0000         0.3974         0.1228
        -4.5268        -4.8315        -7.0539        -6.5429       300.0000         0.2063         0.1248
        -4.1239        -4.4199        -6.1039        -5.5178       300.0000         0.2902         0.1280
        -3.5065        -3.8546        -6.4150        -5.6723       300.0000         0.3945         0.1320
        -3.8206        -4.2381        -6.1826        -5.4623       300.0000         0.3028         0.1354
Free energy change for the current window:  0.1380
Total free energy change until current window:  7.8871
End of collection. Increasing lambda value
Equilibration for Lambda =  0.8  and dLambda =  0.9
        -4.4966        -5.2460        -6.2105        -5.1140       300.0000         0.3471         0.0000
        -4.3283        -5.0497        -6.0468        -5.1047       300.0000         0.2207         0.0000
        -4.6954        -5.4780        -6.6332        -5.4032       300.0000         0.4474         0.0000
        -4.4583        -5.2013        -6.4034        -5.2588       300.0000         0.4016         0.0000
        -4.7401        -5.5301        -5.7652        -4.7624       300.0000         0.2129         0.0000
        -4.3350        -5.0575        -6.4081        -5.3271       300.0000         0.3585         0.0000
        -3.8915        -4.5401        -6.0487        -4.8907       300.0000         0.5094         0.0000
        -4.3952        -5.1278        -6.5391        -5.4093       300.0000         0.3973         0.0000
        -4.2926        -5.0081        -6.2212        -5.1700       300.0000         0.3357         0.0000
        -4.5158        -5.2685        -6.0647        -5.0050       300.0000         0.3070         0.0000
Starting new data collection with values:  0.8   0.9
        -4.4104        -5.1454        -5.3942        -4.3191       300.0000         0.3401         0.3401
        -4.1752        -4.8710        -5.9207        -4.9998       300.0000         0.2250         0.3205
        -4.1444        -4.8351        -5.7987        -4.7580       300.0000         0.3499         0.1920
        -3.8010        -4.4346        -5.5751        -4.3872       300.0000         0.5544         0.2682
        -4.3610        -5.0878        -5.6743        -4.6284       300.0000         0.3190         0.2882
        -4.8706        -5.6824        -5.9786        -5.2576       300.0000        -0.0908         0.2530
        -5.1080        -5.9593        -5.8442        -4.7910       300.0000         0.2019         0.2079
        -4.5387        -5.2951        -5.0658        -4.1458       300.0000         0.1636         0.2178
        -4.1352        -4.8243        -4.8786        -4.0161       300.0000         0.1733         0.1916
        -4.8790        -5.6922        -6.1917        -5.2401       300.0000         0.1384         0.1934
        -5.0491        -5.8906        -6.2200        -5.1243       300.0000         0.2541         0.1994
        -4.1785        -4.8750        -5.8175        -4.7518       300.0000         0.3693         0.2018
        -4.1856        -4.8832        -5.3239        -4.5822       300.0000         0.0441         0.2018
        -4.4913        -5.2398        -6.4146        -5.2744       300.0000         0.3917         0.2037
        -3.7622        -4.3892        -5.3139        -4.5259       300.0000         0.1610         0.2090
        -4.0796        -4.7595        -5.5259        -4.5732       300.0000         0.2728         0.2181
        -3.8674        -4.5120        -4.8032        -4.0827       300.0000         0.0759         0.2157
        -4.4216        -5.1585        -5.4889        -4.4662       300.0000         0.2858         0.2081
        -4.3066        -5.0243        -4.9950        -4.1147       300.0000         0.1625         0.2102
        -4.5630        -5.3235        -5.8909        -4.9243       300.0000         0.2062         0.2098
        -4.4773        -5.2235        -5.6722        -4.7029       300.0000         0.2231         0.2071
        -4.3861        -5.1171        -5.6217        -4.6799       300.0000         0.2108         0.2053
        -4.2826        -4.9963        -4.5284        -3.8740       300.0000        -0.0594         0.2087
        -4.9118        -5.7304        -4.0691        -3.4664       300.0000        -0.2159         0.1996
        -4.3760        -5.1053        -6.0878        -5.0036       300.0000         0.3549         0.1934
        -4.3105        -5.0289        -6.1306        -4.8931       300.0000         0.5191         0.1919
        -4.4315        -5.1701        -5.6744        -4.6234       300.0000         0.3124         0.1938
        -4.4394        -5.1792        -6.3603        -5.4765       300.0000         0.1439         0.1978
        -4.0714        -4.7499        -5.8101        -4.9595       300.0000         0.1720         0.1960
        -4.1461        -4.8371        -5.2382        -4.5733       300.0000        -0.0261         0.1841
        -4.0745        -4.7535        -6.1944        -5.2415       300.0000         0.2739         0.1872
        -4.0560        -4.7320        -6.1720        -4.9543       300.0000         0.5417         0.1928
        -4.5682        -5.3296        -6.2163        -5.0100       300.0000         0.4450         0.1992
        -4.7614        -5.5549        -6.1983        -5.1512       300.0000         0.2536         0.2044
        -4.8931        -5.7086        -4.7564        -3.7662       300.0000         0.1747         0.1972
        -4.6811        -5.4613        -5.2049        -4.3295       300.0000         0.0953         0.1940
        -4.0854        -4.7663        -5.8434        -4.9809       300.0000         0.1816         0.1923
        -3.9539        -4.6129        -5.8482        -4.8811       300.0000         0.3081         0.1966
        -4.0670        -4.7448        -6.1403        -5.0017       300.0000         0.4607         0.2024
        -4.0472        -4.7218        -6.5036        -5.3228       300.0000         0.5062         0.2082
        -4.8823        -5.6960        -5.7025        -4.6571       300.0000         0.2317         0.2097
        -4.9685        -5.7966        -5.3713        -4.3516       300.0000         0.1916         0.2120
        -4.5053        -5.2562        -5.4298        -4.3103       300.0000         0.3686         0.2108
        -4.7806        -5.5774        -5.6846        -4.5853       300.0000         0.3025         0.2131
        -5.1386        -5.9950        -5.7492        -4.8281       300.0000         0.0647         0.2143
        -3.9217        -4.5753        -5.2841        -4.4247       300.0000         0.2058         0.2101
        -4.6019        -5.3688        -6.4909        -5.4211       300.0000         0.3029         0.2088
        -3.9819        -4.6455        -6.5633        -5.3895       300.0000         0.5102         0.2110
        -4.0664        -4.7442        -5.5043        -4.4786       300.0000         0.3480         0.2129
        -4.5957        -5.3616        -6.9161        -5.7784       300.0000         0.3717         0.2155
Free energy change for the current window:  0.2172
Total free energy change until current window:  8.1042
End of collection. Increasing lambda value
Equilibration for Lambda =  0.9  and dLambda =  1
        -4.9310        -5.6354        -4.7924        -3.9227       300.0000         0.1653         0.0000
        -5.3459        -6.1097        -4.8858        -3.8900       300.0000         0.2321         0.0000
        -4.7643        -5.4449        -3.8075        -2.9449       300.0000         0.1821         0.0000
        -4.4524        -5.0885        -3.7601        -2.7795       300.0000         0.3446         0.0000
        -4.8457        -5.5380        -4.4910        -3.5412       300.0000         0.2576         0.0000
        -4.6142        -5.2733        -4.8610        -4.0420       300.0000         0.1599         0.0000
        -5.3563        -6.1215        -4.5521        -3.8184       300.0000        -0.0315         0.0000
        -6.1178        -6.9917        -4.3701        -3.4263       300.0000         0.0699         0.0000
        -5.2609        -6.0125        -4.6516        -3.6585       300.0000         0.2415         0.0000
        -5.8521        -6.6881        -4.2066        -3.2249       300.0000         0.1456         0.0000
Starting new data collection with values:  0.9   1
        -6.4284        -7.3467        -4.7347        -3.7599       300.0000         0.0565         0.0565
        -5.5428        -6.3346        -4.9778        -4.2122       300.0000        -0.0262         0.0244
        -5.4330        -6.2091        -4.8329        -4.1969       300.0000        -0.1401        -0.0156
        -4.7864        -5.4702        -4.6583        -3.7921       300.0000         0.1824         0.0273
        -4.5525        -5.2028        -5.0346        -3.8550       300.0000         0.5292         0.0591
        -4.9786        -5.6898        -4.5532        -3.5572       300.0000         0.2848         0.0977
        -5.1893        -5.9306        -4.7489        -3.8367       300.0000         0.1709         0.1193
        -6.0230        -6.8834        -4.6333        -3.7311       300.0000         0.0418         0.0982
        -5.5585        -6.3526        -4.1888        -3.3795       300.0000         0.0152         0.0978
        -5.1547        -5.8911        -4.3512        -3.3878       300.0000         0.2270         0.1107
        -4.7752        -5.4573        -4.4485        -3.5230       300.0000         0.2433         0.1162
        -4.5094        -5.1536        -4.9496        -4.0030       300.0000         0.3024         0.1315
        -4.1872        -4.7854        -4.4728        -3.6370       300.0000         0.2376         0.1464
        -4.4910        -5.1325        -4.1698        -3.5184       300.0000         0.0098         0.1305
        -5.1859        -5.9268        -3.9805        -3.2780       300.0000        -0.0383         0.1249
        -4.7014        -5.3730        -3.1016        -2.3545       300.0000         0.0755         0.0995
        -5.0297        -5.7482        -3.7821        -2.9634       300.0000         0.1003         0.1026
        -5.1929        -5.9347        -4.4386        -3.4205       300.0000         0.2762         0.1130
        -5.5325        -6.3229        -4.5475        -3.4800       300.0000         0.2772         0.1131
        -4.5133        -5.1580        -4.7026        -3.9192       300.0000         0.1386         0.1190
        -4.5130        -5.1577        -4.9502        -3.9268       300.0000         0.3787         0.1297
        -4.7070        -5.3794        -4.7004        -3.8211       300.0000         0.2069         0.1275
        -5.2132        -5.9579        -4.3818        -3.6136       300.0000         0.0234         0.1225
        -4.8337        -5.5243        -3.9998        -3.1647       300.0000         0.1446         0.1185
        -4.8021        -5.4881        -4.7762        -3.6404       300.0000         0.4498         0.1278
        -5.6852        -6.4973        -4.8501        -3.8212       300.0000         0.2167         0.1320
        -5.9179        -6.7634        -4.5198        -3.5499       300.0000         0.1245         0.1290
        -6.0237        -6.8842        -4.8180        -3.8736       300.0000         0.0839         0.1228
        -4.6186        -5.2784        -4.7212        -3.9954       300.0000         0.0660         0.1182
        -3.8667        -4.4190        -4.9308        -3.7916       300.0000         0.5868         0.1242
        -4.5243        -5.1706        -4.8430        -4.3048       300.0000        -0.1080         0.1239
        -4.0403        -4.6175        -4.4614        -3.6899       300.0000         0.1943         0.1248
        -5.0099        -5.7256        -5.1047        -4.2537       300.0000         0.1352         0.1298
        -5.0914        -5.8187        -4.2368        -3.3449       300.0000         0.1646         0.1296
        -5.8698        -6.7083        -4.5497        -3.5732       300.0000         0.1380         0.1275
        -5.9455        -6.7949        -5.6176        -4.5728       300.0000         0.1955         0.1216
        -5.8429        -6.6776        -5.4437        -4.3519       300.0000         0.2571         0.1242
        -5.6642        -6.4734        -4.3642        -3.7059       300.0000        -0.1509         0.1247
        -4.8941        -5.5933        -4.1507        -3.2704       300.0000         0.1811         0.1183
        -5.7879        -6.6147        -4.5905        -3.7806       300.0000        -0.0170         0.1090
        -5.5855        -6.3835        -5.0938        -4.1033       300.0000         0.1925         0.1117
        -5.5823        -6.3798        -5.1948        -3.9613       300.0000         0.4360         0.1121
        -5.8199        -6.6513        -4.1916        -3.4338       300.0000        -0.0737         0.1062
        -4.9729        -5.6833        -4.3406        -3.3031       300.0000         0.3270         0.1080
        -4.9857        -5.6980        -4.7802        -3.7144       300.0000         0.3535         0.1118
        -4.1727        -4.7688        -4.5565        -3.5497       300.0000         0.4107         0.1144
        -4.3900        -5.0171        -4.2349        -3.5422       300.0000         0.0656         0.1186
        -5.1154        -5.8462        -4.3506        -3.6255       300.0000        -0.0056         0.1151
        -5.7940        -6.6217        -4.8722        -4.0611       300.0000        -0.0166         0.1148
        -5.9706        -6.8236        -4.2311        -3.4128       300.0000        -0.0347         0.1082
Free energy change for the current window:  0.1038
Total free energy change until current window:  8.2081
End of collection. Increasing lambda value
