Equilibration for Lambda =  0  and dLambda =  0.1
         1.8152         1.5883         0.0021        -0.0104       300.0000        -0.2395         0.0000
         1.8444         1.6138        -0.0123        -0.0253       300.0000        -0.2435         0.0000
         1.7943         1.5700        -0.0486        -0.0627       300.0000        -0.2384         0.0000
         1.8172         1.5900        -0.0412        -0.0537       300.0000        -0.2397         0.0000
         1.7940         1.5698        -0.0596        -0.0731       300.0000        -0.2378         0.0000
         1.7939         1.5697        -0.0569        -0.0708       300.0000        -0.2381         0.0000
         1.8280         1.5995        -0.0052        -0.0186       300.0000        -0.2418         0.0000
         1.7786         1.5562        -0.0739        -0.0880       300.0000        -0.2364         0.0000
         1.8169         1.5898        -0.0269        -0.0404       300.0000        -0.2407         0.0000
         1.7849         1.5618        -0.0691        -0.0832       300.0000        -0.2372         0.0000
         1.7768         1.5547        -0.0722        -0.0863       300.0000        -0.2362         0.0000
         1.8164         1.5894        -0.0434        -0.0563       300.0000        -0.2399         0.0000
         1.7994         1.5745        -0.0536        -0.0667       300.0000        -0.2381         0.0000
         1.7926         1.5685        -0.0622        -0.0759       300.0000        -0.2378         0.0000
         1.8070         1.5811        -0.0546        -0.0670       300.0000        -0.2383         0.0000
         1.7985         1.5737        -0.0584        -0.0726       300.0000        -0.2391         0.0000
         1.7873         1.5639        -0.0561        -0.0693       300.0000        -0.2366         0.0000
         1.8054         1.5797        -0.0514        -0.0647       300.0000        -0.2389         0.0000
         1.7983         1.5735        -0.0496        -0.0632       300.0000        -0.2384         0.0000
         1.8006         1.5756        -0.0539        -0.0666       300.0000        -0.2378         0.0000
Starting new data collection with values:  0   0.1
         1.8155         1.5886        -0.0291        -0.0419       300.0000        -0.2397        -0.2397
         1.7917         1.5677        -0.0528        -0.0659       300.0000        -0.2370        -0.2390
         1.8274         1.5989        -0.0249        -0.0377       300.0000        -0.2412        -0.2389
         1.8097         1.5835        -0.0383        -0.0515       300.0000        -0.2394        -0.2389
         1.8166         1.5895        -0.0363        -0.0489       300.0000        -0.2397        -0.2389
         1.8294         1.6007        -0.0192        -0.0319       300.0000        -0.2414        -0.2389
         1.7991         1.5742        -0.0362        -0.0497       300.0000        -0.2384        -0.2389
         1.8219         1.5941        -0.0287        -0.0422       300.0000        -0.2412        -0.2389
         1.7850         1.5619        -0.0685        -0.0825       300.0000        -0.2371        -0.2389
         1.7874         1.5640        -0.0664        -0.0806       300.0000        -0.2376        -0.2389
         1.8156         1.5886        -0.0358        -0.0490       300.0000        -0.2401        -0.2389
         1.7786         1.5563        -0.0701        -0.0842       300.0000        -0.2363        -0.2389
         1.8058         1.5801        -0.0478        -0.0617       300.0000        -0.2396        -0.2389
         1.7980         1.5733        -0.0561        -0.0701       300.0000        -0.2388        -0.2389
         1.7787         1.5563        -0.0727        -0.0867       300.0000        -0.2363        -0.2389
         1.8192         1.5918        -0.0418        -0.0553       300.0000        -0.2408        -0.2389
         1.7975         1.5728        -0.0591        -0.0731       300.0000        -0.2386        -0.2389
         1.8046         1.5790        -0.0547        -0.0685       300.0000        -0.2394        -0.2389
         1.8259         1.5976        -0.0260        -0.0397       300.0000        -0.2419        -0.2389
         1.8106         1.5843        -0.0462        -0.0594       300.0000        -0.2395        -0.2389
         1.8321         1.6031        -0.0132        -0.0264       300.0000        -0.2422        -0.2389
         1.7975         1.5728        -0.0588        -0.0725       300.0000        -0.2383        -0.2389
         1.8025         1.5772        -0.0561        -0.0698       300.0000        -0.2391        -0.2389
         1.8134         1.5867        -0.0422        -0.0559       300.0000        -0.2404        -0.2389
         1.7814         1.5587        -0.0708        -0.0848       300.0000        -0.2367        -0.2389
         1.7976         1.5729        -0.0586        -0.0724       300.0000        -0.2385        -0.2389
         1.7972         1.5725        -0.0622        -0.0763       300.0000        -0.2387        -0.2389
         1.7881         1.5646        -0.0677        -0.0815       300.0000        -0.2374        -0.2389
         1.8089         1.5827        -0.0522        -0.0658       300.0000        -0.2397        -0.2389
         1.7978         1.5730        -0.0600        -0.0739       300.0000        -0.2387        -0.2389
         1.8157         1.5887        -0.0389        -0.0517       300.0000        -0.2397        -0.2389
         1.8063         1.5805        -0.0473        -0.0607       300.0000        -0.2392        -0.2390
         1.8041         1.5786        -0.0533        -0.0665       300.0000        -0.2388        -0.2390
         1.8053         1.5797        -0.0445        -0.0580       300.0000        -0.2392        -0.2390
         1.7910         1.5671        -0.0637        -0.0774       300.0000        -0.2376        -0.2390
         1.7980         1.5732        -0.0607        -0.0742       300.0000        -0.2382        -0.2390
         1.7876         1.5642        -0.0651        -0.0792       300.0000        -0.2376        -0.2390
         1.7972         1.5725        -0.0611        -0.0751       300.0000        -0.2386        -0.2390
         1.7992         1.5743        -0.0522        -0.0659       300.0000        -0.2387        -0.2390
         1.7972         1.5726        -0.0609        -0.0749       300.0000        -0.2387        -0.2390
         1.8239         1.5959        -0.0288        -0.0421       300.0000        -0.2412        -0.2390
         1.8178         1.5906        -0.0355        -0.0490       300.0000        -0.2408        -0.2390
         1.8191         1.5917        -0.0379        -0.0514       300.0000        -0.2409        -0.2390
         1.8142         1.5874        -0.0448        -0.0585       300.0000        -0.2404        -0.2390
         1.7980         1.5732        -0.0606        -0.0746       300.0000        -0.2387        -0.2390
         1.8055         1.5798        -0.0538        -0.0677       300.0000        -0.2395        -0.2390
         1.7906         1.5668        -0.0605        -0.0746       300.0000        -0.2379        -0.2390
         1.7929         1.5688        -0.0645        -0.0782       300.0000        -0.2378        -0.2390
         1.7977         1.5730        -0.0550        -0.0684       300.0000        -0.2381        -0.2390
         1.8063         1.5805        -0.0376        -0.0509       300.0000        -0.2391        -0.2390
Free energy change for the current window:  -0.2390
Total free energy change until current window:  -0.2390
End of collection. Increasing lambda value
Equilibration for Lambda =  0.1  and dLambda =  0.2
         1.5839         1.3576        -0.0580        -0.0685       300.0000        -0.2368         0.0000
         1.5778         1.3524        -0.0653        -0.0767       300.0000        -0.2369         0.0000
         1.5768         1.3515        -0.0698        -0.0805       300.0000        -0.2359         0.0000
         1.5755         1.3504        -0.0692        -0.0811       300.0000        -0.2370         0.0000
         1.5711         1.3466        -0.0778        -0.0893       300.0000        -0.2359         0.0000
         1.5665         1.3427        -0.0817        -0.0940       300.0000        -0.2362         0.0000
         1.5796         1.3539        -0.0702        -0.0822       300.0000        -0.2377         0.0000
         1.5786         1.3530        -0.0693        -0.0809       300.0000        -0.2371         0.0000
         1.5854         1.3589        -0.0566        -0.0682       300.0000        -0.2381         0.0000
         1.5925         1.3650        -0.0507        -0.0621       300.0000        -0.2390         0.0000
         1.5839         1.3576        -0.0628        -0.0747       300.0000        -0.2382         0.0000
         1.5854         1.3589        -0.0604        -0.0716       300.0000        -0.2377         0.0000
         1.5702         1.3458        -0.0779        -0.0902       300.0000        -0.2367         0.0000
         1.5708         1.3464        -0.0758        -0.0877       300.0000        -0.2363         0.0000
         1.5719         1.3474        -0.0698        -0.0819       300.0000        -0.2367         0.0000
         1.5792         1.3536        -0.0604        -0.0710       300.0000        -0.2363         0.0000
         1.5806         1.3548        -0.0591        -0.0701       300.0000        -0.2367         0.0000
         1.5793         1.3537        -0.0628        -0.0735       300.0000        -0.2363         0.0000
         1.5773         1.3519        -0.0695        -0.0808       300.0000        -0.2367         0.0000
         1.5719         1.3474        -0.0767        -0.0882       300.0000        -0.2361         0.0000
Starting new data collection with values:  0.1   0.2
         1.5823         1.3563        -0.0656        -0.0774       300.0000        -0.2378        -0.2378
         1.5752         1.3502        -0.0726        -0.0846       300.0000        -0.2370        -0.2370
         1.5830         1.3568        -0.0653        -0.0772       300.0000        -0.2380        -0.2370
         1.5719         1.3473        -0.0758        -0.0878       300.0000        -0.2366        -0.2369
         1.5897         1.3626        -0.0524        -0.0638       300.0000        -0.2385        -0.2369
         1.5788         1.3532        -0.0647        -0.0765       300.0000        -0.2374        -0.2369
         1.5921         1.3646        -0.0444        -0.0556       300.0000        -0.2387        -0.2370
         1.5767         1.3515        -0.0686        -0.0802       300.0000        -0.2369        -0.2370
         1.5757         1.3506        -0.0734        -0.0852       300.0000        -0.2369        -0.2370
         1.5674         1.3435        -0.0806        -0.0926       300.0000        -0.2359        -0.2370
         1.5757         1.3506        -0.0733        -0.0846       300.0000        -0.2365        -0.2370
         1.5802         1.3545        -0.0642        -0.0752       300.0000        -0.2368        -0.2370
         1.5842         1.3578        -0.0587        -0.0694       300.0000        -0.2369        -0.2370
         1.5834         1.3572        -0.0491        -0.0600       300.0000        -0.2371        -0.2370
         1.5742         1.3493        -0.0725        -0.0843       300.0000        -0.2367        -0.2370
         1.5754         1.3503        -0.0723        -0.0843       300.0000        -0.2371        -0.2370
         1.5649         1.3413        -0.0833        -0.0955       300.0000        -0.2358        -0.2370
         1.5893         1.3623        -0.0561        -0.0678       300.0000        -0.2388        -0.2370
         1.5840         1.3577        -0.0604        -0.0715       300.0000        -0.2373        -0.2370
         1.5981         1.3698        -0.0398        -0.0508       300.0000        -0.2392        -0.2370
         1.5705         1.3461        -0.0759        -0.0876       300.0000        -0.2360        -0.2370
         1.5756         1.3505        -0.0741        -0.0862       300.0000        -0.2372        -0.2370
         1.5695         1.3453        -0.0802        -0.0925       300.0000        -0.2365        -0.2370
         1.5772         1.3519        -0.0688        -0.0803       300.0000        -0.2368        -0.2370
         1.5842         1.3578        -0.0588        -0.0701       300.0000        -0.2376        -0.2370
         1.5869         1.3602        -0.0535        -0.0643       300.0000        -0.2374        -0.2370
         1.5789         1.3533        -0.0658        -0.0770       300.0000        -0.2367        -0.2370
         1.5665         1.3427        -0.0814        -0.0936       300.0000        -0.2359        -0.2370
         1.5702         1.3458        -0.0791        -0.0910       300.0000        -0.2361        -0.2370
         1.5745         1.3495        -0.0748        -0.0865       300.0000        -0.2366        -0.2370
         1.5858         1.3593        -0.0531        -0.0642       300.0000        -0.2377        -0.2370
         1.5871         1.3603        -0.0572        -0.0685       300.0000        -0.2380        -0.2370
         1.5876         1.3608        -0.0595        -0.0710       300.0000        -0.2383        -0.2370
         1.5692         1.3450        -0.0797        -0.0918       300.0000        -0.2363        -0.2370
         1.5820         1.3560        -0.0672        -0.0793       300.0000        -0.2382        -0.2370
         1.5660         1.3423        -0.0790        -0.0908       300.0000        -0.2356        -0.2370
         1.5839         1.3576        -0.0618        -0.0729       300.0000        -0.2374        -0.2370
         1.5751         1.3501        -0.0671        -0.0784       300.0000        -0.2363        -0.2370
         1.5832         1.3570        -0.0645        -0.0759       300.0000        -0.2375        -0.2370
         1.5785         1.3530        -0.0695        -0.0813       300.0000        -0.2373        -0.2370
         1.5701         1.3458        -0.0773        -0.0892       300.0000        -0.2361        -0.2370
         1.5758         1.3507        -0.0738        -0.0857       300.0000        -0.2370        -0.2370
         1.5697         1.3455        -0.0750        -0.0867       300.0000        -0.2360        -0.2370
         1.5828         1.3567        -0.0644        -0.0761       300.0000        -0.2378        -0.2370
         1.5799         1.3542        -0.0674        -0.0789       300.0000        -0.2372        -0.2370
         1.5867         1.3600        -0.0548        -0.0663       300.0000        -0.2381        -0.2370
         1.5775         1.3521        -0.0709        -0.0825       300.0000        -0.2369        -0.2370
         1.5780         1.3526        -0.0706        -0.0825       300.0000        -0.2374        -0.2370
         1.5689         1.3448        -0.0803        -0.0926       300.0000        -0.2364        -0.2370
         1.5775         1.3522        -0.0704        -0.0819       300.0000        -0.2368        -0.2370
Free energy change for the current window:  -0.2370
Total free energy change until current window:  -0.4760
End of collection. Increasing lambda value
Equilibration for Lambda =  0.2  and dLambda =  0.3
         1.3493         1.3511        -0.0849        -0.0873       300.0000        -0.0006         0.0000
         1.3603         1.3611        -0.0669        -0.0714       300.0000        -0.0037         0.0000
         1.3499         1.3511        -0.0796        -0.0834       300.0000        -0.0026         0.0000
         1.3549         1.3547        -0.0803        -0.0847       300.0000        -0.0045         0.0000
         1.3445         1.3450        -0.0927        -0.0959       300.0000        -0.0027         0.0000
         1.3521         1.3524        -0.0828        -0.0866       300.0000        -0.0035         0.0000
         1.3578         1.3576        -0.0722        -0.0768       300.0000        -0.0047         0.0000
         1.3582         1.3583        -0.0715        -0.0764       300.0000        -0.0049         0.0000
         1.3560         1.3555        -0.0780        -0.0829       300.0000        -0.0054         0.0000
         1.3468         1.3478        -0.0877        -0.0908       300.0000        -0.0021         0.0000
         1.3477         1.3489        -0.0885        -0.0910       300.0000        -0.0014         0.0000
         1.3486         1.3495        -0.0876        -0.0909       300.0000        -0.0024         0.0000
         1.3570         1.3584        -0.0738        -0.0776       300.0000        -0.0024         0.0000
         1.3524         1.3531        -0.0802        -0.0841       300.0000        -0.0032         0.0000
         1.3516         1.3531        -0.0830        -0.0862       300.0000        -0.0017         0.0000
         1.3418         1.3424        -0.0924        -0.0960       300.0000        -0.0030         0.0000
         1.3549         1.3536        -0.0812        -0.0863       300.0000        -0.0063         0.0000
         1.3554         1.3558        -0.0776        -0.0819       300.0000        -0.0039         0.0000
         1.3649         1.3634        -0.0622        -0.0688       300.0000        -0.0080         0.0000
         1.3535         1.3544        -0.0765        -0.0802       300.0000        -0.0029         0.0000
Starting new data collection with values:  0.2   0.3
         1.3541         1.3538        -0.0813        -0.0852       300.0000        -0.0042        -0.0042
         1.3444         1.3457        -0.0921        -0.0950       300.0000        -0.0015        -0.0029
         1.3470         1.3483        -0.0882        -0.0914       300.0000        -0.0019        -0.0034
         1.3548         1.3560        -0.0757        -0.0788       300.0000        -0.0019        -0.0033
         1.3567         1.3574        -0.0709        -0.0756       300.0000        -0.0041        -0.0034
         1.3557         1.3560        -0.0775        -0.0816       300.0000        -0.0038        -0.0034
         1.3495         1.3493        -0.0871        -0.0907       300.0000        -0.0037        -0.0033
         1.3493         1.3502        -0.0867        -0.0899       300.0000        -0.0023        -0.0034
         1.3507         1.3502        -0.0859        -0.0903       300.0000        -0.0049        -0.0034
         1.3550         1.3558        -0.0777        -0.0817       300.0000        -0.0033        -0.0034
         1.3560         1.3556        -0.0780        -0.0827       300.0000        -0.0051        -0.0034
         1.3514         1.3527        -0.0829        -0.0861       300.0000        -0.0020        -0.0034
         1.3468         1.3482        -0.0843        -0.0880       300.0000        -0.0024        -0.0034
         1.3559         1.3554        -0.0788        -0.0836       300.0000        -0.0052        -0.0034
         1.3472         1.3489        -0.0883        -0.0911       300.0000        -0.0011        -0.0034
         1.3580         1.3579        -0.0743        -0.0792       300.0000        -0.0050        -0.0034
         1.3488         1.3505        -0.0852        -0.0878       300.0000        -0.0008        -0.0034
         1.3518         1.3522        -0.0833        -0.0869       300.0000        -0.0032        -0.0034
         1.3538         1.3540        -0.0818        -0.0859       300.0000        -0.0040        -0.0034
         1.3500         1.3500        -0.0842        -0.0885       300.0000        -0.0042        -0.0034
         1.3567         1.3561        -0.0769        -0.0813       300.0000        -0.0050        -0.0034
         1.3545         1.3552        -0.0740        -0.0786       300.0000        -0.0040        -0.0034
         1.3526         1.3535        -0.0797        -0.0834       300.0000        -0.0028        -0.0034
         1.3537         1.3539        -0.0809        -0.0843       300.0000        -0.0033        -0.0034
         1.3505         1.3522        -0.0816        -0.0848       300.0000        -0.0015        -0.0034
         1.3466         1.3469        -0.0909        -0.0944       300.0000        -0.0032        -0.0034
         1.3479         1.3497        -0.0885        -0.0911       300.0000        -0.0007        -0.0034
         1.3546         1.3541        -0.0804        -0.0851       300.0000        -0.0051        -0.0034
         1.3572         1.3572        -0.0723        -0.0773       300.0000        -0.0050        -0.0034
         1.3568         1.3567        -0.0755        -0.0803       300.0000        -0.0049        -0.0034
         1.3541         1.3540        -0.0807        -0.0850       300.0000        -0.0044        -0.0034
         1.3495         1.3499        -0.0840        -0.0882       300.0000        -0.0037        -0.0034
         1.3526         1.3530        -0.0823        -0.0860       300.0000        -0.0032        -0.0034
         1.3532         1.3538        -0.0810        -0.0848       300.0000        -0.0032        -0.0034
         1.3529         1.3537        -0.0814        -0.0851       300.0000        -0.0030        -0.0034
         1.3513         1.3522        -0.0840        -0.0875       300.0000        -0.0026        -0.0034
         1.3471         1.3480        -0.0894        -0.0927       300.0000        -0.0024        -0.0034
         1.3490         1.3496        -0.0871        -0.0904       300.0000        -0.0028        -0.0034
         1.3541         1.3534        -0.0806        -0.0853       300.0000        -0.0054        -0.0034
         1.3558         1.3573        -0.0746        -0.0781       300.0000        -0.0020        -0.0034
         1.3568         1.3564        -0.0757        -0.0801       300.0000        -0.0048        -0.0034
         1.3527         1.3534        -0.0804        -0.0842       300.0000        -0.0031        -0.0034
         1.3507         1.3498        -0.0859        -0.0906       300.0000        -0.0056        -0.0034
         1.3502         1.3501        -0.0865        -0.0904       300.0000        -0.0040        -0.0034
         1.3509         1.3518        -0.0811        -0.0849       300.0000        -0.0030        -0.0034
         1.3572         1.3577        -0.0734        -0.0777       300.0000        -0.0039        -0.0034
         1.3503         1.3517        -0.0841        -0.0872       300.0000        -0.0017        -0.0034
         1.3503         1.3510        -0.0855        -0.0890       300.0000        -0.0029        -0.0034
         1.3491         1.3498        -0.0833        -0.0871       300.0000        -0.0032        -0.0034
         1.3467         1.3480        -0.0894        -0.0921       300.0000        -0.0013        -0.0034
Free energy change for the current window:  -0.0034
Total free energy change until current window:  -0.4794
End of collection. Increasing lambda value
Equilibration for Lambda =  0.3  and dLambda =  0.4
         1.3572         1.3569        -0.0796        -0.0841       300.0000        -0.0047         0.0000
         1.3551         1.3553        -0.0794        -0.0838       300.0000        -0.0041         0.0000
         1.3554         1.3542        -0.0825        -0.0872       300.0000        -0.0058         0.0000
         1.3484         1.3484        -0.0923        -0.0959       300.0000        -0.0035         0.0000
         1.3506         1.3516        -0.0901        -0.0927       300.0000        -0.0016         0.0000
         1.3529         1.3530        -0.0852        -0.0887       300.0000        -0.0035         0.0000
         1.3557         1.3575        -0.0799        -0.0816       300.0000         0.0001         0.0000
         1.3554         1.3560        -0.0818        -0.0853       300.0000        -0.0030         0.0000
         1.3499         1.3513        -0.0904        -0.0925       300.0000        -0.0007         0.0000
         1.3494         1.3499        -0.0909        -0.0936       300.0000        -0.0022         0.0000
         1.3522         1.3518        -0.0875        -0.0917       300.0000        -0.0046         0.0000
         1.3513         1.3516        -0.0887        -0.0919       300.0000        -0.0028         0.0000
         1.3588         1.3584        -0.0783        -0.0827       300.0000        -0.0048         0.0000
         1.3522         1.3524        -0.0863        -0.0902       300.0000        -0.0038         0.0000
         1.3514         1.3522        -0.0887        -0.0915       300.0000        -0.0020         0.0000
         1.3539         1.3536        -0.0854        -0.0896       300.0000        -0.0045         0.0000
         1.3508         1.3522        -0.0885        -0.0907       300.0000        -0.0008         0.0000
         1.3583         1.3579        -0.0778        -0.0826       300.0000        -0.0051         0.0000
         1.3539         1.3553        -0.0845        -0.0867       300.0000        -0.0009         0.0000
         1.3521         1.3522        -0.0879        -0.0915       300.0000        -0.0035         0.0000
Starting new data collection with values:  0.3   0.4
         1.3510         1.3512        -0.0889        -0.0924       300.0000        -0.0033        -0.0033
         1.3495         1.3502        -0.0911        -0.0939       300.0000        -0.0021        -0.0032
         1.3516         1.3515        -0.0883        -0.0919       300.0000        -0.0036        -0.0032
         1.3554         1.3560        -0.0833        -0.0863       300.0000        -0.0024        -0.0031
         1.3546         1.3547        -0.0829        -0.0869       300.0000        -0.0039        -0.0032
         1.3564         1.3561        -0.0819        -0.0857       300.0000        -0.0041        -0.0031
         1.3523         1.3527        -0.0866        -0.0900       300.0000        -0.0031        -0.0031
         1.3544         1.3541        -0.0854        -0.0895       300.0000        -0.0044        -0.0031
         1.3517         1.3525        -0.0881        -0.0910       300.0000        -0.0021        -0.0031
         1.3527         1.3540        -0.0864        -0.0887       300.0000        -0.0010        -0.0031
         1.3545         1.3546        -0.0841        -0.0879       300.0000        -0.0037        -0.0031
         1.3507         1.3519        -0.0900        -0.0923       300.0000        -0.0010        -0.0031
         1.3503         1.3501        -0.0904        -0.0940       300.0000        -0.0037        -0.0031
         1.3510         1.3520        -0.0876        -0.0904       300.0000        -0.0017        -0.0031
         1.3548         1.3537        -0.0833        -0.0885       300.0000        -0.0062        -0.0031
         1.3574         1.3571        -0.0787        -0.0829       300.0000        -0.0045        -0.0031
         1.3576         1.3574        -0.0777        -0.0824       300.0000        -0.0049        -0.0031
         1.3515         1.3519        -0.0874        -0.0906       300.0000        -0.0028        -0.0031
         1.3507         1.3513        -0.0901        -0.0930       300.0000        -0.0023        -0.0031
         1.3497         1.3511        -0.0908        -0.0929       300.0000        -0.0007        -0.0031
         1.3532         1.3536        -0.0851        -0.0884       300.0000        -0.0029        -0.0031
         1.3545         1.3554        -0.0835        -0.0864       300.0000        -0.0020        -0.0031
         1.3536         1.3536        -0.0857        -0.0895       300.0000        -0.0038        -0.0031
         1.3491         1.3496        -0.0906        -0.0938       300.0000        -0.0027        -0.0031
         1.3523         1.3519        -0.0868        -0.0906       300.0000        -0.0041        -0.0031
         1.3557         1.3543        -0.0829        -0.0882       300.0000        -0.0066        -0.0031
         1.3560         1.3572        -0.0800        -0.0829       300.0000        -0.0016        -0.0031
         1.3572         1.3568        -0.0795        -0.0835       300.0000        -0.0043        -0.0031
         1.3514         1.3527        -0.0885        -0.0905       300.0000        -0.0008        -0.0031
         1.3505         1.3502        -0.0900        -0.0938       300.0000        -0.0041        -0.0031
         1.3517         1.3522        -0.0882        -0.0912       300.0000        -0.0025        -0.0031
         1.3520         1.3528        -0.0848        -0.0881       300.0000        -0.0026        -0.0031
         1.3558         1.3562        -0.0817        -0.0851       300.0000        -0.0030        -0.0031
         1.3528         1.3533        -0.0866        -0.0899       300.0000        -0.0028        -0.0031
         1.3496         1.3500        -0.0904        -0.0935       300.0000        -0.0027        -0.0031
         1.3518         1.3515        -0.0869        -0.0910       300.0000        -0.0044        -0.0031
         1.3525         1.3536        -0.0869        -0.0893       300.0000        -0.0013        -0.0031
         1.3580         1.3574        -0.0790        -0.0836       300.0000        -0.0051        -0.0031
         1.3554         1.3561        -0.0800        -0.0837       300.0000        -0.0030        -0.0031
         1.3540         1.3531        -0.0857        -0.0902       300.0000        -0.0053        -0.0031
         1.3500         1.3499        -0.0907        -0.0944       300.0000        -0.0038        -0.0031
         1.3496         1.3510        -0.0895        -0.0920       300.0000        -0.0010        -0.0031
         1.3547         1.3548        -0.0834        -0.0868       300.0000        -0.0033        -0.0031
         1.3524         1.3542        -0.0859        -0.0877       300.0000        -0.0001        -0.0031
         1.3538         1.3540        -0.0841        -0.0880       300.0000        -0.0037        -0.0031
         1.3500         1.3509        -0.0899        -0.0922       300.0000        -0.0015        -0.0031
         1.3507         1.3510        -0.0893        -0.0924       300.0000        -0.0028        -0.0031
         1.3560         1.3557        -0.0829        -0.0872       300.0000        -0.0047        -0.0031
         1.3557         1.3556        -0.0819        -0.0860       300.0000        -0.0042        -0.0031
         1.3560         1.3555        -0.0821        -0.0865       300.0000        -0.0049        -0.0031
Free energy change for the current window:  -0.0031
Total free energy change until current window:  -0.4824
End of collection. Increasing lambda value
Equilibration for Lambda =  0.4  and dLambda =  0.5
         1.3515         1.3514        -0.0920        -0.0938       300.0000        -0.0019         0.0000
         1.3514         1.3526        -0.0930        -0.0929       300.0000         0.0013         0.0000
         1.3518         1.3521        -0.0915        -0.0922       300.0000        -0.0004         0.0000
         1.3534         1.3549        -0.0879        -0.0875       300.0000         0.0019         0.0000
         1.3552         1.3552        -0.0868        -0.0883       300.0000        -0.0014         0.0000
         1.3535         1.3540        -0.0890        -0.0891       300.0000         0.0003         0.0000
         1.3526         1.3526        -0.0883        -0.0907       300.0000        -0.0024         0.0000
         1.3545         1.3538        -0.0885        -0.0908       300.0000        -0.0031         0.0000
         1.3529         1.3531        -0.0904        -0.0916       300.0000        -0.0011         0.0000
         1.3559         1.3556        -0.0856        -0.0878       300.0000        -0.0025         0.0000
         1.3544         1.3544        -0.0889        -0.0903       300.0000        -0.0015         0.0000
         1.3529         1.3537        -0.0908        -0.0910       300.0000         0.0005         0.0000
         1.3530         1.3528        -0.0911        -0.0926       300.0000        -0.0017         0.0000
         1.3513         1.3524        -0.0916        -0.0920       300.0000         0.0006         0.0000
         1.3522         1.3520        -0.0906        -0.0919       300.0000        -0.0016         0.0000
         1.3553         1.3557        -0.0872        -0.0883       300.0000        -0.0007         0.0000
         1.3546         1.3554        -0.0861        -0.0871       300.0000        -0.0003         0.0000
         1.3545         1.3544        -0.0871        -0.0884       300.0000        -0.0014         0.0000
         1.3529         1.3534        -0.0909        -0.0916       300.0000        -0.0003         0.0000
         1.3524         1.3520        -0.0907        -0.0928       300.0000        -0.0025         0.0000
Starting new data collection with values:  0.4   0.5
         1.3536         1.3537        -0.0893        -0.0904       300.0000        -0.0009        -0.0009
         1.3564         1.3562        -0.0857        -0.0876       300.0000        -0.0021        -0.0016
         1.3543         1.3542        -0.0886        -0.0903       300.0000        -0.0018        -0.0012
         1.3528         1.3531        -0.0912        -0.0923       300.0000        -0.0008        -0.0012
         1.3508         1.3511        -0.0931        -0.0942       300.0000        -0.0007        -0.0012
         1.3508         1.3509        -0.0928        -0.0943       300.0000        -0.0013        -0.0011
         1.3562         1.3578        -0.0857        -0.0852       300.0000         0.0021        -0.0012
         1.3567         1.3565        -0.0839        -0.0856       300.0000        -0.0019        -0.0011
         1.3542         1.3554        -0.0883        -0.0884       300.0000         0.0010        -0.0011
         1.3528         1.3520        -0.0912        -0.0935       300.0000        -0.0031        -0.0012
         1.3507         1.3507        -0.0935        -0.0948       300.0000        -0.0013        -0.0011
         1.3539         1.3541        -0.0884        -0.0901       300.0000        -0.0016        -0.0011
         1.3584         1.3576        -0.0826        -0.0852       300.0000        -0.0035        -0.0011
         1.3540         1.3542        -0.0891        -0.0904       300.0000        -0.0010        -0.0011
         1.3529         1.3525        -0.0905        -0.0926       300.0000        -0.0025        -0.0011
         1.3481         1.3487        -0.0963        -0.0968       300.0000         0.0001        -0.0011
         1.3533         1.3539        -0.0904        -0.0912       300.0000        -0.0002        -0.0011
         1.3568         1.3575        -0.0846        -0.0852       300.0000         0.0000        -0.0011
         1.3580         1.3586        -0.0827        -0.0837       300.0000        -0.0005        -0.0011
         1.3532         1.3534        -0.0904        -0.0915       300.0000        -0.0009        -0.0011
         1.3511         1.3511        -0.0931        -0.0945       300.0000        -0.0013        -0.0011
         1.3500         1.3510        -0.0944        -0.0946       300.0000         0.0009        -0.0011
         1.3569         1.3557        -0.0851        -0.0883       300.0000        -0.0043        -0.0011
         1.3563         1.3567        -0.0857        -0.0866       300.0000        -0.0006        -0.0011
         1.3545         1.3532        -0.0883        -0.0914       300.0000        -0.0044        -0.0011
         1.3489         1.3497        -0.0954        -0.0957       300.0000         0.0005        -0.0011
         1.3511         1.3515        -0.0929        -0.0937       300.0000        -0.0004        -0.0011
         1.3554         1.3555        -0.0867        -0.0882       300.0000        -0.0014        -0.0011
         1.3586         1.3594        -0.0817        -0.0827       300.0000        -0.0002        -0.0011
         1.3561         1.3564        -0.0850        -0.0863       300.0000        -0.0010        -0.0011
         1.3507         1.3514        -0.0929        -0.0936       300.0000        -0.0000        -0.0011
         1.3503         1.3506        -0.0936        -0.0947       300.0000        -0.0009        -0.0011
         1.3534         1.3529        -0.0902        -0.0922       300.0000        -0.0025        -0.0011
         1.3567         1.3565        -0.0856        -0.0876       300.0000        -0.0021        -0.0011
         1.3553         1.3550        -0.0866        -0.0884       300.0000        -0.0020        -0.0011
         1.3519         1.3522        -0.0919        -0.0929       300.0000        -0.0006        -0.0011
         1.3502         1.3509        -0.0943        -0.0948       300.0000         0.0003        -0.0011
         1.3535         1.3530        -0.0898        -0.0920       300.0000        -0.0029        -0.0011
         1.3556         1.3565        -0.0853        -0.0858       300.0000         0.0004        -0.0011
         1.3577         1.3572        -0.0830        -0.0853       300.0000        -0.0028        -0.0011
         1.3520         1.3530        -0.0909        -0.0913       300.0000         0.0007        -0.0011
         1.3519         1.3523        -0.0913        -0.0921       300.0000        -0.0003        -0.0011
         1.3526         1.3526        -0.0906        -0.0918       300.0000        -0.0012        -0.0011
         1.3546         1.3550        -0.0885        -0.0895       300.0000        -0.0007        -0.0011
         1.3557         1.3556        -0.0868        -0.0882       300.0000        -0.0015        -0.0011
         1.3539         1.3541        -0.0885        -0.0899       300.0000        -0.0013        -0.0011
         1.3520         1.3521        -0.0917        -0.0930       300.0000        -0.0012        -0.0011
         1.3542         1.3534        -0.0888        -0.0913       300.0000        -0.0033        -0.0011
         1.3525         1.3528        -0.0905        -0.0916       300.0000        -0.0008        -0.0011
         1.3562         1.3558        -0.0845        -0.0866       300.0000        -0.0024        -0.0011
Free energy change for the current window:  -0.0011
Total free energy change until current window:  -0.4835
End of collection. Increasing lambda value
Equilibration for Lambda =  0.5  and dLambda =  0.6
         1.3542         1.3550        -0.0898        -0.0873       300.0000         0.0032         0.0000
         1.3531         1.3537        -0.0913        -0.0893       300.0000         0.0027         0.0000
         1.3544         1.3546        -0.0889        -0.0870       300.0000         0.0021         0.0000
         1.3546         1.3551        -0.0896        -0.0872       300.0000         0.0029         0.0000
         1.3529         1.3525        -0.0922        -0.0914       300.0000         0.0004         0.0000
         1.3549         1.3548        -0.0898        -0.0883       300.0000         0.0014         0.0000
         1.3527         1.3525        -0.0918        -0.0906       300.0000         0.0009         0.0000
         1.3542         1.3534        -0.0903        -0.0899       300.0000        -0.0004         0.0000
         1.3536         1.3536        -0.0911        -0.0896       300.0000         0.0014         0.0000
         1.3531         1.3526        -0.0912        -0.0900       300.0000         0.0007         0.0000
         1.3523         1.3523        -0.0922        -0.0908       300.0000         0.0014         0.0000
         1.3548         1.3558        -0.0892        -0.0864       300.0000         0.0038         0.0000
         1.3550         1.3546        -0.0879        -0.0867       300.0000         0.0008         0.0000
         1.3560         1.3572        -0.0872        -0.0842       300.0000         0.0042         0.0000
         1.3539         1.3533        -0.0909        -0.0904       300.0000        -0.0001         0.0000
         1.3519         1.3529        -0.0929        -0.0903       300.0000         0.0035         0.0000
         1.3528         1.3528        -0.0924        -0.0909       300.0000         0.0016         0.0000
         1.3548         1.3542        -0.0891        -0.0886       300.0000        -0.0001         0.0000
         1.3541         1.3536        -0.0904        -0.0896       300.0000         0.0004         0.0000
         1.3530         1.3525        -0.0924        -0.0915       300.0000         0.0004         0.0000
Starting new data collection with values:  0.5   0.6
         1.3506         1.3505        -0.0949        -0.0938       300.0000         0.0009         0.0009
         1.3525         1.3530        -0.0928        -0.0907       300.0000         0.0026         0.0008
         1.3566         1.3566        -0.0865        -0.0850       300.0000         0.0014         0.0014
         1.3564         1.3571        -0.0867        -0.0841       300.0000         0.0033         0.0014
         1.3553         1.3551        -0.0893        -0.0882       300.0000         0.0009         0.0014
         1.3517         1.3520        -0.0938        -0.0921       300.0000         0.0020         0.0015
         1.3515         1.3526        -0.0932        -0.0902       300.0000         0.0040         0.0014
         1.3540         1.3529        -0.0904        -0.0904       300.0000        -0.0012         0.0015
         1.3554         1.3562        -0.0882        -0.0856       300.0000         0.0034         0.0015
         1.3541         1.3533        -0.0901        -0.0895       300.0000        -0.0002         0.0015
         1.3504         1.3513        -0.0950        -0.0925       300.0000         0.0034         0.0015
         1.3512         1.3510        -0.0944        -0.0933       300.0000         0.0009         0.0014
         1.3555         1.3549        -0.0883        -0.0873       300.0000         0.0004         0.0015
         1.3564         1.3565        -0.0864        -0.0851       300.0000         0.0013         0.0015
         1.3565         1.3561        -0.0871        -0.0860       300.0000         0.0007         0.0015
         1.3523         1.3526        -0.0925        -0.0904       300.0000         0.0023         0.0015
         1.3508         1.3518        -0.0942        -0.0916       300.0000         0.0036         0.0015
         1.3536         1.3539        -0.0912        -0.0893       300.0000         0.0021         0.0015
         1.3550         1.3557        -0.0889        -0.0862       300.0000         0.0033         0.0015
         1.3549         1.3545        -0.0886        -0.0877       300.0000         0.0005         0.0015
         1.3525         1.3526        -0.0925        -0.0910       300.0000         0.0016         0.0015
         1.3507         1.3506        -0.0947        -0.0934       300.0000         0.0013         0.0015
         1.3538         1.3523        -0.0907        -0.0912       300.0000        -0.0020         0.0015
         1.3554         1.3557        -0.0878        -0.0862       300.0000         0.0019         0.0015
         1.3559         1.3553        -0.0871        -0.0862       300.0000         0.0003         0.0015
         1.3532         1.3542        -0.0912        -0.0885       300.0000         0.0038         0.0015
         1.3531         1.3539        -0.0905        -0.0886       300.0000         0.0026         0.0015
         1.3530         1.3531        -0.0914        -0.0894       300.0000         0.0022         0.0015
         1.3555         1.3560        -0.0887        -0.0866       300.0000         0.0027         0.0015
         1.3548         1.3545        -0.0893        -0.0881       300.0000         0.0009         0.0015
         1.3529         1.3530        -0.0916        -0.0899       300.0000         0.0018         0.0015
         1.3530         1.3533        -0.0921        -0.0902       300.0000         0.0021         0.0015
         1.3534         1.3525        -0.0918        -0.0915       300.0000        -0.0006         0.0015
         1.3535         1.3537        -0.0910        -0.0891       300.0000         0.0022         0.0015
         1.3550         1.3544        -0.0893        -0.0884       300.0000         0.0003         0.0015
         1.3522         1.3525        -0.0931        -0.0912       300.0000         0.0022         0.0015
         1.3547         1.3549        -0.0894        -0.0877       300.0000         0.0020         0.0015
         1.3554         1.3552        -0.0886        -0.0871       300.0000         0.0013         0.0015
         1.3538         1.3545        -0.0910        -0.0886       300.0000         0.0031         0.0015
         1.3550         1.3549        -0.0895        -0.0881       300.0000         0.0013         0.0015
         1.3525         1.3527        -0.0926        -0.0909       300.0000         0.0019         0.0015
         1.3536         1.3541        -0.0912        -0.0891       300.0000         0.0025         0.0015
         1.3556         1.3550        -0.0885        -0.0879       300.0000         0.0000         0.0015
         1.3534         1.3539        -0.0919        -0.0898       300.0000         0.0025         0.0015
         1.3527         1.3520        -0.0926        -0.0920       300.0000        -0.0002         0.0015
         1.3523         1.3521        -0.0932        -0.0919       300.0000         0.0011         0.0015
         1.3538         1.3543        -0.0901        -0.0877       300.0000         0.0029         0.0015
         1.3571         1.3565        -0.0865        -0.0858       300.0000         0.0002         0.0015
         1.3553         1.3560        -0.0886        -0.0861       300.0000         0.0032         0.0015
         1.3528         1.3521        -0.0915        -0.0907       300.0000         0.0002         0.0015
Free energy change for the current window:  0.0015
Total free energy change until current window:  -0.4820
End of collection. Increasing lambda value
Equilibration for Lambda =  0.6  and dLambda =  0.7
         1.3523         1.3528        -0.0909        -0.0868       300.0000         0.0047         0.0000
         1.3542         1.3545        -0.0887        -0.0846       300.0000         0.0044         0.0000
         1.3564         1.3567        -0.0851        -0.0805       300.0000         0.0049         0.0000
         1.3555         1.3555        -0.0869        -0.0831       300.0000         0.0037         0.0000
         1.3517         1.3513        -0.0924        -0.0892       300.0000         0.0029         0.0000
         1.3489         1.3481        -0.0957        -0.0932       300.0000         0.0017         0.0000
         1.3537         1.3536        -0.0894        -0.0858       300.0000         0.0036         0.0000
         1.3556         1.3543        -0.0863        -0.0839       300.0000         0.0011         0.0000
         1.3565         1.3569        -0.0858        -0.0814       300.0000         0.0047         0.0000
         1.3530         1.3523        -0.0904        -0.0873       300.0000         0.0023         0.0000
         1.3496         1.3499        -0.0940        -0.0905       300.0000         0.0038         0.0000
         1.3546         1.3560        -0.0880        -0.0826       300.0000         0.0068         0.0000
         1.3570         1.3568        -0.0846        -0.0806       300.0000         0.0038         0.0000
         1.3575         1.3582        -0.0836        -0.0788       300.0000         0.0056         0.0000
         1.3521         1.3509        -0.0915        -0.0891       300.0000         0.0013         0.0000
         1.3502         1.3500        -0.0942        -0.0908       300.0000         0.0031         0.0000
         1.3513         1.3507        -0.0923        -0.0895       300.0000         0.0022         0.0000
         1.3553         1.3547        -0.0871        -0.0836       300.0000         0.0028         0.0000
         1.3551         1.3547        -0.0874        -0.0839       300.0000         0.0031         0.0000
         1.3542         1.3541        -0.0890        -0.0854       300.0000         0.0035         0.0000
Starting new data collection with values:  0.6   0.7
         1.3487         1.3485        -0.0948        -0.0913       300.0000         0.0034         0.0034
         1.3535         1.3543        -0.0900        -0.0853       300.0000         0.0055         0.0028
         1.3564         1.3562        -0.0859        -0.0824       300.0000         0.0033         0.0033
         1.3579         1.3587        -0.0826        -0.0773       300.0000         0.0060         0.0033
         1.3542         1.3534        -0.0890        -0.0861       300.0000         0.0020         0.0033
         1.3511         1.3511        -0.0930        -0.0895       300.0000         0.0035         0.0034
         1.3511         1.3515        -0.0931        -0.0892       300.0000         0.0043         0.0033
         1.3540         1.3532        -0.0894        -0.0865       300.0000         0.0021         0.0034
         1.3551         1.3550        -0.0873        -0.0835       300.0000         0.0036         0.0034
         1.3531         1.3521        -0.0902        -0.0875       300.0000         0.0016         0.0033
         1.3514         1.3512        -0.0927        -0.0893       300.0000         0.0032         0.0034
         1.3518         1.3521        -0.0921        -0.0882       300.0000         0.0042         0.0034
         1.3547         1.3545        -0.0880        -0.0846       300.0000         0.0031         0.0034
         1.3573         1.3579        -0.0841        -0.0795       300.0000         0.0051         0.0034
         1.3545         1.3543        -0.0876        -0.0837       300.0000         0.0037         0.0034
         1.3526         1.3524        -0.0908        -0.0873       300.0000         0.0033         0.0034
         1.3535         1.3540        -0.0893        -0.0850       300.0000         0.0048         0.0034
         1.3519         1.3511        -0.0916        -0.0887       300.0000         0.0021         0.0034
         1.3556         1.3554        -0.0864        -0.0825       300.0000         0.0038         0.0034
         1.3533         1.3523        -0.0899        -0.0873       300.0000         0.0016         0.0034
         1.3516         1.3514        -0.0920        -0.0885       300.0000         0.0033         0.0034
         1.3531         1.3531        -0.0905        -0.0868       300.0000         0.0038         0.0034
         1.3527         1.3521        -0.0907        -0.0875       300.0000         0.0027         0.0034
         1.3542         1.3544        -0.0883        -0.0844       300.0000         0.0041         0.0034
         1.3553         1.3553        -0.0875        -0.0838       300.0000         0.0037         0.0034
         1.3526         1.3522        -0.0908        -0.0874       300.0000         0.0029         0.0034
         1.3552         1.3560        -0.0872        -0.0826       300.0000         0.0055         0.0034
         1.3542         1.3536        -0.0887        -0.0856       300.0000         0.0025         0.0034
         1.3544         1.3551        -0.0887        -0.0841       300.0000         0.0054         0.0034
         1.3526         1.3515        -0.0909        -0.0883       300.0000         0.0016         0.0034
         1.3530         1.3523        -0.0907        -0.0879       300.0000         0.0021         0.0034
         1.3531         1.3529        -0.0903        -0.0868       300.0000         0.0033         0.0034
         1.3529         1.3520        -0.0909        -0.0882       300.0000         0.0017         0.0034
         1.3529         1.3528        -0.0910        -0.0874       300.0000         0.0036         0.0034
         1.3521         1.3518        -0.0918        -0.0885       300.0000         0.0030         0.0034
         1.3539         1.3540        -0.0895        -0.0855       300.0000         0.0042         0.0034
         1.3556         1.3560        -0.0863        -0.0818       300.0000         0.0050         0.0034
         1.3551         1.3552        -0.0874        -0.0834       300.0000         0.0040         0.0034
         1.3549         1.3552        -0.0883        -0.0844       300.0000         0.0042         0.0034
         1.3519         1.3517        -0.0910        -0.0872       300.0000         0.0037         0.0034
         1.3517         1.3502        -0.0917        -0.0899       300.0000         0.0003         0.0034
         1.3554         1.3558        -0.0871        -0.0828       300.0000         0.0047         0.0034
         1.3526         1.3511        -0.0897        -0.0873       300.0000         0.0009         0.0034
         1.3542         1.3548        -0.0891        -0.0848       300.0000         0.0048         0.0034
         1.3505         1.3495        -0.0940        -0.0914       300.0000         0.0016         0.0034
         1.3523         1.3521        -0.0913        -0.0878       300.0000         0.0034         0.0034
         1.3568         1.3574        -0.0851        -0.0807       300.0000         0.0050         0.0034
         1.3549         1.3546        -0.0875        -0.0839       300.0000         0.0034         0.0034
         1.3547         1.3554        -0.0882        -0.0837       300.0000         0.0052         0.0034
         1.3514         1.3513        -0.0921        -0.0888       300.0000         0.0032         0.0034
Free energy change for the current window:  0.0034
Total free energy change until current window:  -0.4786
End of collection. Increasing lambda value
Equilibration for Lambda =  0.7  and dLambda =  0.8
         1.3503         1.3497        -0.0897        -0.0861       300.0000         0.0030         0.0000
         1.3545         1.3538        -0.0844        -0.0806       300.0000         0.0032         0.0000
         1.3538         1.3527        -0.0845        -0.0812       300.0000         0.0022         0.0000
         1.3536         1.3532        -0.0857        -0.0818       300.0000         0.0035         0.0000
         1.3503         1.3496        -0.0906        -0.0872       300.0000         0.0027         0.0000
         1.3490         1.3477        -0.0919        -0.0889       300.0000         0.0017         0.0000
         1.3557         1.3565        -0.0827        -0.0776       300.0000         0.0060         0.0000
         1.3541         1.3536        -0.0851        -0.0811       300.0000         0.0035         0.0000
         1.3561         1.3571        -0.0827        -0.0774       300.0000         0.0063         0.0000
         1.3492         1.3484        -0.0918        -0.0884       300.0000         0.0027         0.0000
         1.3508         1.3501        -0.0897        -0.0862       300.0000         0.0029         0.0000
         1.3546         1.3544        -0.0844        -0.0802       300.0000         0.0039         0.0000
         1.3536         1.3522        -0.0848        -0.0816       300.0000         0.0018         0.0000
         1.3554         1.3550        -0.0838        -0.0797       300.0000         0.0037         0.0000
         1.3501         1.3493        -0.0900        -0.0864       300.0000         0.0028         0.0000
         1.3498         1.3489        -0.0909        -0.0877       300.0000         0.0023         0.0000
         1.3545         1.3550        -0.0847        -0.0800       300.0000         0.0052         0.0000
         1.3541         1.3538        -0.0847        -0.0807       300.0000         0.0038         0.0000
         1.3565         1.3572        -0.0819        -0.0770       300.0000         0.0056         0.0000
         1.3506         1.3499        -0.0896        -0.0860       300.0000         0.0029         0.0000
Starting new data collection with values:  0.7   0.8
         1.3502         1.3496        -0.0907        -0.0872       300.0000         0.0030         0.0030
         1.3532         1.3531        -0.0866        -0.0826       300.0000         0.0038         0.0032
         1.3531         1.3523        -0.0847        -0.0809       300.0000         0.0029         0.0035
         1.3541         1.3537        -0.0848        -0.0808       300.0000         0.0037         0.0036
         1.3509         1.3501        -0.0893        -0.0860       300.0000         0.0026         0.0035
         1.3508         1.3500        -0.0882        -0.0845       300.0000         0.0028         0.0036
         1.3549         1.3552        -0.0846        -0.0801       300.0000         0.0048         0.0036
         1.3543         1.3537        -0.0847        -0.0809       300.0000         0.0032         0.0036
         1.3566         1.3573        -0.0807        -0.0755       300.0000         0.0060         0.0036
         1.3523         1.3520        -0.0879        -0.0840       300.0000         0.0037         0.0036
         1.3507         1.3500        -0.0900        -0.0865       300.0000         0.0028         0.0036
         1.3525         1.3526        -0.0876        -0.0833       300.0000         0.0045         0.0036
         1.3516         1.3505        -0.0886        -0.0854       300.0000         0.0022         0.0036
         1.3539         1.3537        -0.0853        -0.0811       300.0000         0.0040         0.0036
         1.3503         1.3492        -0.0902        -0.0871       300.0000         0.0020         0.0036
         1.3529         1.3525        -0.0870        -0.0830       300.0000         0.0035         0.0036
         1.3531         1.3527        -0.0866        -0.0826       300.0000         0.0037         0.0036
         1.3550         1.3549        -0.0837        -0.0794       300.0000         0.0043         0.0036
         1.3542         1.3541        -0.0841        -0.0798       300.0000         0.0042         0.0036
         1.3535         1.3539        -0.0866        -0.0821       300.0000         0.0049         0.0036
         1.3513         1.3501        -0.0887        -0.0855       300.0000         0.0021         0.0036
         1.3538         1.3540        -0.0851        -0.0806       300.0000         0.0047         0.0036
         1.3510         1.3496        -0.0893        -0.0863       300.0000         0.0015         0.0036
         1.3555         1.3559        -0.0838        -0.0791       300.0000         0.0051         0.0036
         1.3511         1.3505        -0.0891        -0.0854       300.0000         0.0031         0.0036
         1.3520         1.3511        -0.0879        -0.0844       300.0000         0.0025         0.0036
         1.3544         1.3546        -0.0852        -0.0807       300.0000         0.0047         0.0036
         1.3525         1.3520        -0.0868        -0.0829       300.0000         0.0034         0.0036
         1.3546         1.3549        -0.0849        -0.0806       300.0000         0.0046         0.0036
         1.3514         1.3510        -0.0883        -0.0845       300.0000         0.0034         0.0036
         1.3533         1.3527        -0.0852        -0.0813       300.0000         0.0034         0.0036
         1.3547         1.3544        -0.0844        -0.0803       300.0000         0.0038         0.0036
         1.3535         1.3531        -0.0858        -0.0819       300.0000         0.0035         0.0036
         1.3530         1.3528        -0.0868        -0.0828       300.0000         0.0039         0.0036
         1.3521         1.3521        -0.0876        -0.0834       300.0000         0.0043         0.0036
         1.3505         1.3491        -0.0890        -0.0859       300.0000         0.0017         0.0036
         1.3551         1.3554        -0.0843        -0.0797       300.0000         0.0048         0.0036
         1.3516         1.3503        -0.0885        -0.0853       300.0000         0.0020         0.0036
         1.3543         1.3549        -0.0852        -0.0804       300.0000         0.0053         0.0036
         1.3512         1.3509        -0.0895        -0.0857       300.0000         0.0035         0.0036
         1.3532         1.3526        -0.0860        -0.0822       300.0000         0.0032         0.0036
         1.3561         1.3565        -0.0826        -0.0779       300.0000         0.0050         0.0036
         1.3534         1.3527        -0.0857        -0.0819       300.0000         0.0030         0.0036
         1.3536         1.3538        -0.0858        -0.0815       300.0000         0.0044         0.0036
         1.3506         1.3501        -0.0898        -0.0861       300.0000         0.0032         0.0036
         1.3522         1.3511        -0.0872        -0.0839       300.0000         0.0023         0.0036
         1.3557         1.3554        -0.0825        -0.0783       300.0000         0.0039         0.0036
         1.3531         1.3522        -0.0862        -0.0827       300.0000         0.0027         0.0036
         1.3533         1.3536        -0.0865        -0.0820       300.0000         0.0048         0.0036
         1.3507         1.3507        -0.0901        -0.0861       300.0000         0.0040         0.0036
Free energy change for the current window:  0.0036
Total free energy change until current window:  -0.4750
End of collection. Increasing lambda value
Equilibration for Lambda =  0.8  and dLambda =  0.9
         1.3511         1.5763        -0.0848        -0.0729       300.0000         0.2370         0.0000
         1.3553         1.5812        -0.0789        -0.0671       300.0000         0.2376         0.0000
         1.3522         1.5775        -0.0831        -0.0714       300.0000         0.2371         0.0000
         1.3522         1.5776        -0.0839        -0.0718       300.0000         0.2374         0.0000
         1.3501         1.5752        -0.0859        -0.0738       300.0000         0.2371         0.0000
         1.3504         1.5755        -0.0848        -0.0732       300.0000         0.2367         0.0000
         1.3555         1.5814        -0.0785        -0.0668       300.0000         0.2376         0.0000
         1.3531         1.5786        -0.0808        -0.0693       300.0000         0.2370         0.0000
         1.3537         1.5793        -0.0821        -0.0701       300.0000         0.2377         0.0000
         1.3498         1.5747        -0.0873        -0.0751       300.0000         0.2371         0.0000
         1.3505         1.5756        -0.0855        -0.0738       300.0000         0.2368         0.0000
         1.3564         1.5825        -0.0775        -0.0658       300.0000         0.2379         0.0000
         1.3527         1.5782        -0.0819        -0.0702       300.0000         0.2371         0.0000
         1.3531         1.5786        -0.0829        -0.0709       300.0000         0.2376         0.0000
         1.3483         1.5730        -0.0886        -0.0766       300.0000         0.2368         0.0000
         1.3503         1.5754        -0.0854        -0.0736       300.0000         0.2369         0.0000
         1.3548         1.5806        -0.0788        -0.0672       300.0000         0.2374         0.0000
         1.3540         1.5797        -0.0800        -0.0684       300.0000         0.2372         0.0000
         1.3518         1.5772        -0.0843        -0.0724       300.0000         0.2373         0.0000
         1.3511         1.5763        -0.0848        -0.0727       300.0000         0.2373         0.0000
Starting new data collection with values:  0.8   0.9
         1.3503         1.5753        -0.0850        -0.0733       300.0000         0.2368         0.2368
         1.3567         1.5829        -0.0766        -0.0647       300.0000         0.2380         0.2371
         1.3538         1.5795        -0.0799        -0.0684       300.0000         0.2372         0.2372
         1.3534         1.5790        -0.0825        -0.0704       300.0000         0.2377         0.2372
         1.3469         1.5714        -0.0902        -0.0780       300.0000         0.2366         0.2372
         1.3500         1.5750        -0.0858        -0.0741       300.0000         0.2368         0.2372
         1.3545         1.5803        -0.0800        -0.0683       300.0000         0.2375         0.2372
         1.3528         1.5783        -0.0819        -0.0703       300.0000         0.2371         0.2372
         1.3530         1.5785        -0.0825        -0.0706       300.0000         0.2374         0.2372
         1.3494         1.5744        -0.0874        -0.0753       300.0000         0.2371         0.2372
         1.3506         1.5757        -0.0855        -0.0737       300.0000         0.2370         0.2372
         1.3563         1.5824        -0.0778        -0.0661       300.0000         0.2378         0.2372
         1.3522         1.5776        -0.0815        -0.0699       300.0000         0.2369         0.2372
         1.3535         1.5791        -0.0816        -0.0697       300.0000         0.2375         0.2372
         1.3495         1.5745        -0.0867        -0.0748       300.0000         0.2369         0.2372
         1.3487         1.5735        -0.0865        -0.0748       300.0000         0.2365         0.2372
         1.3563         1.5824        -0.0780        -0.0661       300.0000         0.2379         0.2372
         1.3522         1.5775        -0.0823        -0.0707       300.0000         0.2370         0.2372
         1.3542         1.5799        -0.0807        -0.0687       300.0000         0.2378         0.2372
         1.3501         1.5751        -0.0868        -0.0748       300.0000         0.2371         0.2372
         1.3514         1.5767        -0.0847        -0.0728       300.0000         0.2371         0.2372
         1.3536         1.5792        -0.0818        -0.0699       300.0000         0.2375         0.2372
         1.3518         1.5771        -0.0830        -0.0714       300.0000         0.2369         0.2372
         1.3521         1.5775        -0.0833        -0.0714       300.0000         0.2372         0.2372
         1.3501         1.5751        -0.0865        -0.0745       300.0000         0.2370         0.2372
         1.3511         1.5763        -0.0844        -0.0726       300.0000         0.2370         0.2372
         1.3535         1.5791        -0.0813        -0.0694       300.0000         0.2375         0.2372
         1.3537         1.5794        -0.0806        -0.0690       300.0000         0.2373         0.2372
         1.3552         1.5811        -0.0791        -0.0671       300.0000         0.2378         0.2372
         1.3521         1.5775        -0.0844        -0.0723       300.0000         0.2374         0.2372
         1.3507         1.5758        -0.0851        -0.0733       300.0000         0.2369         0.2372
         1.3525         1.5780        -0.0834        -0.0715       300.0000         0.2373         0.2372
         1.3511         1.5763        -0.0844        -0.0727       300.0000         0.2369         0.2372
         1.3532         1.5788        -0.0821        -0.0702       300.0000         0.2374         0.2372
         1.3510         1.5762        -0.0853        -0.0732       300.0000         0.2372         0.2372
         1.3489         1.5738        -0.0871        -0.0753       300.0000         0.2366         0.2372
         1.3551         1.5810        -0.0794        -0.0675       300.0000         0.2378         0.2372
         1.3520         1.5774        -0.0822        -0.0706       300.0000         0.2370         0.2372
         1.3564         1.5825        -0.0787        -0.0668       300.0000         0.2380         0.2372
         1.3511         1.5763        -0.0846        -0.0727       300.0000         0.2371         0.2372
         1.3514         1.5767        -0.0838        -0.0720       300.0000         0.2370         0.2372
         1.3533         1.5789        -0.0823        -0.0704       300.0000         0.2374         0.2372
         1.3514         1.5766        -0.0838        -0.0721       300.0000         0.2369         0.2372
         1.3529         1.5784        -0.0823        -0.0706       300.0000         0.2373         0.2372
         1.3502         1.5753        -0.0862        -0.0743       300.0000         0.2370         0.2372
         1.3487         1.5735        -0.0873        -0.0755       300.0000         0.2366         0.2372
         1.3543         1.5801        -0.0807        -0.0688       300.0000         0.2376         0.2372
         1.3518         1.5772        -0.0834        -0.0717       300.0000         0.2371         0.2372
         1.3552         1.5811        -0.0802        -0.0682       300.0000         0.2379         0.2372
         1.3524         1.5778        -0.0837        -0.0717       300.0000         0.2375         0.2372
Free energy change for the current window:  0.2372
Total free energy change until current window:  -0.2378
End of collection. Increasing lambda value
Equilibration for Lambda =  0.9  and dLambda =  1
         1.5768         1.8020        -0.0719        -0.0581       300.0000         0.2390         0.0000
         1.5807         1.8065        -0.0680        -0.0542       300.0000         0.2396         0.0000
         1.5761         1.8013        -0.0720        -0.0583       300.0000         0.2389         0.0000
         1.5777         1.8031        -0.0712        -0.0574       300.0000         0.2392         0.0000
         1.5728         1.7975        -0.0753        -0.0615       300.0000         0.2385         0.0000
         1.5757         1.8008        -0.0729        -0.0592       300.0000         0.2389         0.0000
         1.5792         1.8049        -0.0698        -0.0560       300.0000         0.2394         0.0000
         1.5794         1.8050        -0.0692        -0.0553       300.0000         0.2395         0.0000
         1.5781         1.8036        -0.0713        -0.0574       300.0000         0.2394         0.0000
         1.5777         1.8031        -0.0720        -0.0581       300.0000         0.2393         0.0000
         1.5764         1.8016        -0.0723        -0.0585       300.0000         0.2390         0.0000
         1.5809         1.8067        -0.0678        -0.0540       300.0000         0.2397         0.0000
         1.5752         1.8003        -0.0735        -0.0599       300.0000         0.2387         0.0000
         1.5772         1.8026        -0.0716        -0.0577       300.0000         0.2392         0.0000
         1.5735         1.7983        -0.0761        -0.0622       300.0000         0.2387         0.0000
         1.5776         1.8030        -0.0704        -0.0567       300.0000         0.2391         0.0000
         1.5813         1.8072        -0.0667        -0.0529       300.0000         0.2397         0.0000
         1.5788         1.8044        -0.0699        -0.0562       300.0000         0.2393         0.0000
         1.5792         1.8048        -0.0701        -0.0562       300.0000         0.2395         0.0000
         1.5758         1.8010        -0.0735        -0.0595       300.0000         0.2391         0.0000
Starting new data collection with values:  0.9   1
         1.5771         1.8024        -0.0720        -0.0582       300.0000         0.2391         0.2391
         1.5792         1.8048        -0.0693        -0.0556       300.0000         0.2394         0.2391
         1.5759         1.8011        -0.0733        -0.0596       300.0000         0.2389         0.2391
         1.5755         1.8005        -0.0741        -0.0602       300.0000         0.2390         0.2392
         1.5745         1.7994        -0.0750        -0.0611       300.0000         0.2388         0.2391
         1.5750         1.8000        -0.0736        -0.0599       300.0000         0.2387         0.2392
         1.5808         1.8067        -0.0671        -0.0533       300.0000         0.2396         0.2392
         1.5780         1.8034        -0.0711        -0.0573       300.0000         0.2392         0.2392
         1.5792         1.8048        -0.0699        -0.0560       300.0000         0.2395         0.2392
         1.5766         1.8018        -0.0729        -0.0589       300.0000         0.2392         0.2391
         1.5775         1.8029        -0.0713        -0.0575       300.0000         0.2391         0.2392
         1.5814         1.8074        -0.0668        -0.0530       300.0000         0.2397         0.2392
         1.5758         1.8010        -0.0728        -0.0591       300.0000         0.2388         0.2392
         1.5762         1.8014        -0.0733        -0.0594       300.0000         0.2391         0.2392
         1.5735         1.7984        -0.0761        -0.0622       300.0000         0.2387         0.2392
         1.5733         1.7980        -0.0758        -0.0621       300.0000         0.2384         0.2392
         1.5815         1.8075        -0.0670        -0.0532       300.0000         0.2397         0.2392
         1.5756         1.8007        -0.0729        -0.0591       300.0000         0.2388         0.2392
         1.5812         1.8071        -0.0684        -0.0544       300.0000         0.2399         0.2392
         1.5756         1.8007        -0.0736        -0.0596       300.0000         0.2390         0.2392
         1.5772         1.8025        -0.0712        -0.0574       300.0000         0.2391         0.2392
         1.5815         1.8074        -0.0667        -0.0529       300.0000         0.2397         0.2392
         1.5767         1.8020        -0.0716        -0.0579       300.0000         0.2390         0.2392
         1.5774         1.8027        -0.0718        -0.0579       300.0000         0.2392         0.2392
         1.5724         1.7970        -0.0764        -0.0625       300.0000         0.2385         0.2392
         1.5743         1.7992        -0.0746        -0.0609       300.0000         0.2387         0.2392
         1.5796         1.8052        -0.0695        -0.0557       300.0000         0.2394         0.2392
         1.5780         1.8034        -0.0703        -0.0566       300.0000         0.2392         0.2392
         1.5791         1.8048        -0.0699        -0.0559       300.0000         0.2395         0.2392
         1.5768         1.8021        -0.0729        -0.0590       300.0000         0.2393         0.2392
         1.5760         1.8011        -0.0734        -0.0596       300.0000         0.2390         0.2392
         1.5820         1.8080        -0.0661        -0.0522       300.0000         0.2398         0.2392
         1.5772         1.8026        -0.0709        -0.0573       300.0000         0.2390         0.2392
         1.5793         1.8049        -0.0699        -0.0560       300.0000         0.2395         0.2392
         1.5714         1.7959        -0.0777        -0.0639       300.0000         0.2383         0.2392
         1.5747         1.7997        -0.0737        -0.0599       300.0000         0.2388         0.2392
         1.5786         1.8041        -0.0700        -0.0562       300.0000         0.2393         0.2392
         1.5808         1.8066        -0.0671        -0.0533       300.0000         0.2396         0.2392
         1.5796         1.8052        -0.0693        -0.0554       300.0000         0.2395         0.2392
         1.5754         1.8005        -0.0742        -0.0602       300.0000         0.2390         0.2392
         1.5742         1.7991        -0.0752        -0.0613       300.0000         0.2387         0.2392
         1.5806         1.8064        -0.0679        -0.0540       300.0000         0.2396         0.2392
         1.5784         1.8039        -0.0700        -0.0563       300.0000         0.2392         0.2392
         1.5782         1.8037        -0.0711        -0.0572       300.0000         0.2393         0.2392
         1.5726         1.7973        -0.0771        -0.0632       300.0000         0.2386         0.2392
         1.5728         1.7975        -0.0764        -0.0626       300.0000         0.2385         0.2392
         1.5824         1.8085        -0.0659        -0.0521       300.0000         0.2399         0.2392
         1.5789         1.8044        -0.0693        -0.0557       300.0000         0.2392         0.2392
         1.5822         1.8082        -0.0668        -0.0529       300.0000         0.2399         0.2392
         1.5742         1.7991        -0.0755        -0.0615       300.0000         0.2388         0.2392
Free energy change for the current window:  0.2392
Total free energy change until current window:  0.0014
End of collection. Increasing lambda value
