Equilibration for Lambda =  0  and dLambda =  0.1
        -6.1352        -5.3683        -9.3597        -9.5215       300.0000         0.6051         0.0000
        -5.4933        -4.8066        -8.4693        -8.6283       300.0000         0.5276         0.0000
        -2.4349        -2.1306       -11.0277       -11.1844       300.0000         0.1477         0.0000
        -3.4713        -3.0374        -9.5893        -9.7352       300.0000         0.2880         0.0000
        -2.8770        -2.5174        -8.3973        -8.5413       300.0000         0.2156         0.0000
        -1.8686        -1.6350        -8.3489        -8.4995       300.0000         0.0830         0.0000
        -3.4393        -3.0094        -9.1138        -9.2710       300.0000         0.2728         0.0000
        -4.6387        -4.0589        -8.4593        -8.6231       300.0000         0.4160         0.0000
        -5.2912        -4.6298        -7.3795        -7.5386       300.0000         0.5023         0.0000
        -3.0696        -2.6859        -7.9857        -8.1417       300.0000         0.2278         0.0000
Starting new data collection with values:  0   0.1
        -2.1039        -1.8409        -7.1939        -7.3394       300.0000         0.1174         0.1174
        -0.3030        -0.2652        -7.3009        -7.4365       300.0000        -0.0977         0.0129
        -2.3963        -2.0967        -8.3428        -8.4741       300.0000         0.1682         0.0588
        -3.5797        -3.1323        -7.2631        -7.3935       300.0000         0.3170         0.1113
        -3.7630        -3.2926        -8.0650        -8.1897       300.0000         0.3456         0.1623
        -2.9509        -2.5821        -7.8224        -7.9450       300.0000         0.2462         0.1814
        -2.0873        -1.8264        -7.0892        -7.2153       300.0000         0.1349         0.1870
        -4.5230        -3.9576        -7.3809        -7.5179       300.0000         0.4283         0.1951
        -6.4264        -5.6231        -6.6785        -6.8182       300.0000         0.6636         0.2284
        -7.5842        -6.6361        -6.7463        -6.8939       300.0000         0.8004         0.2630
        -6.1161        -5.3516        -9.6824        -9.8407       300.0000         0.6062         0.2968
        -4.1945        -3.6702        -9.8025        -9.9603       300.0000         0.3665         0.3103
        -4.7091        -4.1204        -9.6485        -9.8053       300.0000         0.4318         0.3187
        -5.0426        -4.4122        -9.4975        -9.6523       300.0000         0.4755         0.3257
        -5.1732        -4.5265        -8.5056        -8.6572       300.0000         0.4950         0.3369
        -5.5626        -4.8673        -9.3632        -9.5178       300.0000         0.5408         0.3465
        -3.3420        -2.9242        -9.3309        -9.4874       300.0000         0.2613         0.3487
        -2.8721        -2.5131       -10.5835       -10.7478       300.0000         0.1947         0.3412
        -5.8302        -5.1014       -10.7865       -10.9494       300.0000         0.5658         0.3438
        -4.3242        -3.7837        -9.7256        -9.8860       300.0000         0.3802         0.3540
        -2.9323        -2.5658       -10.6406       -10.7922       300.0000         0.2149         0.3524
        -2.7102        -2.3714        -9.0811        -9.2321       300.0000         0.1878         0.3459
        -3.2090        -2.8079        -9.7445        -9.8835       300.0000         0.2622         0.3444
        -3.4620        -3.0293       -10.8733       -11.0072       300.0000         0.2988         0.3413
        -3.2094        -2.8082        -9.2521        -9.3758       300.0000         0.2775         0.3419
        -2.4960        -2.1840        -9.8812       -10.0012       300.0000         0.1920         0.3381
        -1.5377        -1.3455        -9.5021        -9.6222       300.0000         0.0722         0.3296
        -1.9297        -1.6885        -8.3426        -8.4662       300.0000         0.1177         0.3232
        -3.0114        -2.6350        -9.5974        -9.7311       300.0000         0.2427         0.3206
        -2.3738        -2.0771        -8.4893        -8.6262       300.0000         0.1598         0.3186
        -2.7671        -2.4212        -9.2678        -9.4094       300.0000         0.2043         0.3116
        -4.4113        -3.8599        -9.8903       -10.0349       300.0000         0.4068         0.3106
        -4.8453        -4.2396        -8.8510        -8.9917       300.0000         0.4650         0.3147
        -3.7507        -3.2818        -9.6712        -9.8130       300.0000         0.3271         0.3181
        -3.7161        -3.2516        -8.5586        -8.7016       300.0000         0.3215         0.3178
        -5.7798        -5.0573        -8.8137        -8.9500       300.0000         0.5861         0.3231
        -4.1761        -3.6540        -8.7250        -8.8569       300.0000         0.3902         0.3290
        -1.7945        -1.5701        -8.9723        -9.1084       300.0000         0.0881         0.3265
        -5.4946        -4.8078        -8.4586        -8.5962       300.0000         0.5492         0.3251
        -6.2289        -5.4503        -7.3397        -7.4732       300.0000         0.6451         0.3314
        -6.9487        -6.0801        -8.6522        -8.7873       300.0000         0.7335         0.3386
        -2.6141        -2.2874        -9.0967        -9.2278       300.0000         0.1957         0.3402
        -4.0294        -3.5257        -8.5879        -8.7209       300.0000         0.3707         0.3395
        -4.1152        -3.6008        -9.2645        -9.3989       300.0000         0.3800         0.3399
        -3.6702        -3.2114        -6.3809        -6.5208       300.0000         0.3188         0.3407
        -3.4421        -3.0118        -9.5892        -9.7260       300.0000         0.2934         0.3406
        -4.7618        -4.1666        -9.0205        -9.1596       300.0000         0.4561         0.3404
        -4.1234        -3.6079        -7.8132        -7.9498       300.0000         0.3789         0.3429
        -4.6155        -4.0386       -10.4939       -10.6385       300.0000         0.4323         0.3432
        -6.9433        -6.0754        -8.6036        -8.7423       300.0000         0.7292         0.3477
Free energy change for the current window:  0.3514
Total free energy change until current window:  0.3514
End of collection. Increasing lambda value
Equilibration for Lambda =  0.1  and dLambda =  0.2
        -4.7468        -4.0687        -7.1568        -7.3480       300.0000         0.4869         0.0000
        -1.6846        -1.4439        -9.3379        -9.5235       300.0000         0.0550         0.0000
        -1.1455        -0.9818        -9.9746       -10.1648       300.0000        -0.0266         0.0000
        -4.2162        -3.6139        -8.9908        -9.1765       300.0000         0.4167         0.0000
        -4.4510        -3.8151        -9.5594        -9.7497       300.0000         0.4455         0.0000
        -3.5372        -3.0319       -10.8928       -11.0856       300.0000         0.3126         0.0000
        -4.8165        -4.1285       -10.0701       -10.2588       300.0000         0.4993         0.0000
        -4.1518        -3.5587       -10.0485       -10.2425       300.0000         0.3991         0.0000
        -3.5087        -3.0075       -10.6222       -10.8179       300.0000         0.3056         0.0000
        -3.1829        -2.7282        -8.0543        -8.2507       300.0000         0.2583         0.0000
Starting new data collection with values:  0.1   0.2
        -5.5141        -4.7264       -10.5159       -10.7079       300.0000         0.5958         0.5958
        -4.7699        -4.0885       -11.4084       -11.6029       300.0000         0.4868         0.4700
        -4.9022        -4.2019       -10.9139       -11.1078       300.0000         0.5064         0.4549
        -4.0448        -3.4670       -10.2497       -10.4511       300.0000         0.3764         0.4066
        -2.8604        -2.4518       -10.5116       -10.7086       300.0000         0.2117         0.3842
        -2.3343        -2.0009       -11.2098       -11.4116       300.0000         0.1316         0.3353
        -2.3380        -2.0040       -10.0783       -10.2722       300.0000         0.1401         0.2914
        -3.7787        -3.2389       -10.8982       -11.0892       300.0000         0.3489         0.2902
        -3.8033        -3.2600       -10.5989       -10.7906       300.0000         0.3516         0.2944
        -2.4307        -2.0835       -10.1306       -10.3198       300.0000         0.1581         0.2869
        -3.8960        -3.3394        -9.3053        -9.4886       300.0000         0.3733         0.2826
        -5.2784        -4.5243        -9.2434        -9.4264       300.0000         0.5711         0.2978
        -3.5808        -3.0693        -8.8741        -9.0626       300.0000         0.3230         0.3074
        -2.7113        -2.3240       -10.2473       -10.4275       300.0000         0.2071         0.2982
        -3.6344        -3.1152        -8.3285        -8.5092       300.0000         0.3385         0.2985
        -2.8945        -2.4810        -9.7263        -9.9156       300.0000         0.2242         0.2925
        -3.6298        -3.1113        -8.5003        -8.6915       300.0000         0.3274         0.2880
        -3.8948        -3.3384        -7.8522        -8.0383       300.0000         0.3702         0.2911
        -3.2370        -2.7746        -9.7898        -9.9974       300.0000         0.2548         0.2926
        -4.4121        -3.7818        -8.7719        -8.9692       300.0000         0.4330         0.2937
        -3.9555        -3.3904        -9.1964        -9.3902       300.0000         0.3713         0.2984
        -4.4683        -3.8300        -7.9192        -8.1206       300.0000         0.4369         0.3044
        -3.2473        -2.7834        -8.7274        -8.9259       300.0000         0.2654         0.3024
        -4.5959        -3.9393        -8.5224        -8.7178       300.0000         0.4612         0.3039
        -4.7148        -4.0412        -9.6941        -9.8957       300.0000         0.4719         0.3107
        -3.9044        -3.3467        -9.1474        -9.3443       300.0000         0.3608         0.3155
        -3.7876        -3.2466        -8.9189        -9.1113       300.0000         0.3488         0.3159
        -3.4376        -2.9465       -10.1992       -10.3929       300.0000         0.2973         0.3141
        -4.2382        -3.6327        -8.5845        -8.7797       300.0000         0.4102         0.3163
        -3.5905        -3.0775        -9.8482       -10.0397       300.0000         0.3214         0.3162
        -4.4916        -3.8500       -10.9582       -11.1547       300.0000         0.4452         0.3201
        -6.7305        -5.7690        -7.3296        -7.5235       300.0000         0.7675         0.3268
        -5.1291        -4.3963        -9.7625        -9.9626       300.0000         0.5327         0.3342
        -4.1938        -3.5947       -10.6710       -10.8671       300.0000         0.4030         0.3370
        -4.8994        -4.1995        -9.8775       -10.0711       300.0000         0.5062         0.3403
        -5.2003        -4.4574        -8.8452        -9.0347       300.0000         0.5534         0.3442
        -6.2989        -5.3991        -9.9471       -10.1379       300.0000         0.7091         0.3495
        -8.3859        -7.1879        -7.5897        -7.7800       300.0000         1.0077         0.3594
        -8.5729        -7.3482        -8.4384        -8.6335       300.0000         1.0297         0.3701
        -8.2188        -7.0447        -6.1398        -6.3380       300.0000         0.9759         0.3802
        -7.1540        -6.1320        -6.9647        -7.1586       300.0000         0.8281         0.3887
        -6.3354        -5.4303        -7.5424        -7.7266       300.0000         0.7209         0.3962
        -7.2286        -6.1959        -6.0429        -6.2294       300.0000         0.8462         0.4036
        -6.5094        -5.5795        -7.3164        -7.5022       300.0000         0.7441         0.4108
        -6.4588        -5.5362        -6.8469        -7.0270       300.0000         0.7426         0.4169
        -7.2543        -6.2180        -7.9042        -8.0831       300.0000         0.8575         0.4237
        -8.0480        -6.8983        -8.4268        -8.6032       300.0000         0.9733         0.4306
        -8.6124        -7.3821        -8.2496        -8.4326       300.0000         1.0474         0.4388
        -9.1969        -7.8831        -9.0580        -9.2487       300.0000         1.1231         0.4472
        -9.1762        -7.8654        -7.7563        -7.9485       300.0000         1.1187         0.4557
Free energy change for the current window:  0.4627
Total free energy change until current window:  0.8141
End of collection. Increasing lambda value
Equilibration for Lambda =  0.2  and dLambda =  0.3
        -6.4189        -5.5038        -9.2522        -9.7007       300.0000         0.4666         0.0000
        -6.1027        -5.1931        -8.9558        -9.8664       300.0000        -0.0011         0.0000
        -6.0633        -5.3405        -8.8102        -9.7188       300.0000        -0.1857         0.0000
        -7.0270        -6.2944        -8.2646        -9.6443       300.0000        -0.6470         0.0000
        -6.1030        -5.5450        -7.7604       -10.0658       300.0000        -1.7473         0.0000
        -5.5833        -4.9934        -9.0631       -10.3407       300.0000        -0.6877         0.0000
        -5.7894        -5.2525        -7.6853       -10.3528       300.0000        -2.1307         0.0000
        -5.7295        -5.0020        -8.4606        -9.9857       300.0000        -0.7976         0.0000
        -4.8325        -4.3689        -8.3742        -9.5901       300.0000        -0.7523         0.0000
        -6.2797        -5.6682        -6.9806        -9.3765       300.0000        -1.7843         0.0000
Starting new data collection with values:  0.2   0.3
        -7.3385        -6.4778        -6.6430        -9.5869       300.0000        -2.0832        -2.0832
        -6.2813        -5.6373        -9.4217        -9.0562       300.0000         1.0095        -1.2470
        -7.0533        -6.4179        -6.8544        -9.7592       300.0000        -2.2694        -2.2123
        -8.0540        -7.2179        -9.2222        -9.9311       300.0000         0.1273        -2.0241
        -7.5137        -6.6586        -8.0859       -10.7590       300.0000        -1.8180        -1.8773
        -5.4229        -4.9564        -9.1683       -11.2205       300.0000        -1.5856        -1.8121
        -5.5473        -5.2822        -9.0093       -11.1438       300.0000        -1.8693        -1.8136
        -4.4246        -4.2664        -9.9463       -10.9056       300.0000        -0.8012        -1.8289
        -4.4485        -4.2336        -8.4306       -11.0863       300.0000        -2.4407        -1.9698
        -5.6096        -5.1386        -9.2042       -10.5393       300.0000        -0.8641        -2.0065
        -7.1476        -6.4621        -7.2112        -9.9111       300.0000        -2.0143        -2.0065
        -6.0528        -5.5123        -7.8728        -9.1877       300.0000        -0.7744        -1.9569
        -5.2714        -4.5604        -7.6904        -8.6487       300.0000        -0.2473        -1.9114
        -5.2502        -4.6828        -7.3732        -8.3782       300.0000        -0.4376        -1.8714
        -5.3627        -4.8147        -7.8912        -8.2050       300.0000         0.2343        -1.8306
        -5.6120        -5.0170        -7.2457        -8.3500       300.0000        -0.5094        -1.7986
        -5.8579        -5.0936        -6.7999        -8.6301       300.0000        -1.0660        -1.7664
        -5.3747        -4.6334        -7.0521        -9.0034       300.0000        -1.2100        -1.7494
        -6.1263        -5.3529        -8.1333        -9.4256       300.0000        -0.5189        -1.7310
        -6.9766        -6.0799        -7.7958       -10.1372       300.0000        -1.4447        -1.7253
        -7.3736        -6.6701        -8.4010       -10.2073       300.0000        -1.1028        -1.7156
        -8.4541        -7.5952        -7.9191       -10.1719       300.0000        -1.3939        -1.6921
        -7.4123        -6.6327        -6.9226       -10.5347       300.0000        -2.8326        -1.8506
        -6.6651        -6.0652       -10.3367       -10.1868       300.0000         0.7498        -1.8345
        -7.2112        -6.2585        -7.4848       -10.4092       300.0000        -1.9717        -1.8150
        -6.7550        -6.0467        -9.3840       -10.2586       300.0000        -0.1663        -1.7977
        -6.3645        -5.6387        -9.5937       -10.0935       300.0000         0.2260        -1.7752
        -5.6081        -5.1076        -7.5666       -10.1127       300.0000        -2.0456        -1.7639
        -6.1102        -5.6039        -9.5282        -9.6658       300.0000         0.3686        -1.7622
        -7.4168        -6.6594        -9.0216        -9.9990       300.0000        -0.2200        -1.7426
        -8.4854        -7.4459        -8.4205       -10.1980       300.0000        -0.7380        -1.7240
        -8.2316        -7.5198        -9.4671       -10.5653       300.0000        -0.3864        -1.7085
        -7.7817        -7.0282        -9.4776       -10.8331       300.0000        -0.6021        -1.6962
        -6.8111        -6.1507        -8.7300       -10.8593       300.0000        -1.4689        -1.6841
        -6.9720        -6.2813        -8.9937       -10.6709       300.0000        -0.9865        -1.6789
        -5.9875        -5.4150        -9.4995       -10.4293       300.0000        -0.3573        -1.6652
        -6.1248        -5.6483        -8.8435       -10.2703       300.0000        -0.9503        -1.6502
        -5.6295        -5.2014        -9.1674        -9.9870       300.0000        -0.3915        -1.6370
        -5.7390        -5.2406        -8.4002        -9.9909       300.0000        -1.0922        -1.6244
        -4.8727        -4.5076        -8.1247       -10.2801       300.0000        -1.7903        -1.6212
        -6.3438        -5.7135        -9.8232       -10.2477       300.0000         0.2057        -1.6165
        -6.6951        -6.2187        -9.4804        -9.9381       300.0000         0.0187        -1.6026
        -7.1095        -6.2181        -7.8719        -9.5993       300.0000        -0.8360        -1.5979
        -6.9971        -6.2425        -7.9026        -9.4743       300.0000        -0.8171        -1.5856
        -7.0811        -6.1462        -8.7671        -9.1765       300.0000         0.5256        -1.5956
        -6.7724        -6.1323        -8.7558        -9.0822       300.0000         0.3137        -1.5829
        -6.9622        -6.0125        -7.6371        -9.8500       300.0000        -1.2632        -1.5733
        -7.3461        -6.4070        -8.2938       -10.4378       300.0000        -1.2050        -1.5632
        -5.8200        -5.0186        -8.5984       -10.7163       300.0000        -1.3165        -1.5667
        -5.1876        -4.6185        -8.3731       -11.0787       300.0000        -2.1365        -1.5638
Free energy change for the current window:  -1.5589
Total free energy change until current window:  -0.7448
End of collection. Increasing lambda value
Equilibration for Lambda =  0.3  and dLambda =  0.4
        -4.7361        -4.1469       -11.0141        -7.3386       300.0000         4.2648         0.0000
        -6.0491        -5.5495       -11.4427        -7.6221       300.0000         4.3203         0.0000
        -4.3988        -4.1895       -11.8532        -7.9357       300.0000         4.1268         0.0000
        -5.3881        -5.1736       -13.2026        -8.6203       300.0000         4.7968         0.0000
        -6.7345        -6.2638       -15.6161        -9.7668       300.0000         6.3199         0.0000
        -7.7312        -7.3630       -17.9672       -10.8837       300.0000         7.4517         0.0000
        10.0802         6.9945       -19.3730       -11.6142       300.0000         4.6731         0.0000
       -52.0254       -41.9655       -19.7856       -11.7017       300.0000        18.1438         0.0000
       -10.4062        -9.2216       -18.9294       -11.0640       300.0000         9.0501         0.0000
       -31.0568       -26.3901       -17.4958       -10.5529       300.0000        11.6097         0.0000
Starting new data collection with values:  0.3   0.4
      -108.2955       -86.8210       -17.3459       -10.5526       300.0000        28.2677        28.2677
       -65.6613       -51.7076       -18.9313       -11.4641       300.0000        21.4209        11.5569
      -226.3132      -180.3898       -15.8127        -9.9047       300.0000        51.8314         3.7937
       -29.2357       -18.7365       -16.7698       -10.3850       300.0000        16.8840       -42.5582
       -27.7932       -23.5011       -14.9352        -9.1818       300.0000        10.0455       -42.3872
       -19.6725       -14.1859       -17.3560       -10.4622       300.0000        12.3805       -42.5527
       -64.1261       -58.7302       -18.8362       -10.9760       300.0000        13.2562       -42.4442
       -30.1861       -19.8817       -19.4701       -11.1990       300.0000        18.5756       -42.3524
       -23.5475       -17.4435       -19.3041       -11.0008       300.0000        14.4073       -42.2729
       -33.5692       -29.8990       -18.6537       -10.7360       300.0000        11.5878       -42.2028
        -2.4070        -1.1313       -18.1108       -10.5010       300.0000         8.8854       -42.1401
       -19.5988       -24.4000       -19.1240       -11.0725       300.0000         3.2502       -42.0833
        -6.2264        -7.7913       -18.3328       -10.7832       300.0000         5.9847       -42.0315
        -0.6062        -2.8538       -16.5313        -9.6792       300.0000         4.6045       -41.9838
       -21.4851       -21.6644       -17.4718       -10.1166       300.0000         7.1759       -41.9396
         0.0000         0.0000         0.0000         0.0000      -nan(ind)         0.0000      -nan(ind)
         0.0000         0.0000         0.0000         0.0000      -nan(ind)         0.0000      -nan(ind)
         0.0000         0.0000         0.0000         0.0000      -nan(ind)         0.0000      -nan(ind)
         0.0000         0.0000         0.0000         0.0000      -nan(ind)         0.0000      -nan(ind)
         0.0000         0.0000         0.0000         0.0000      -nan(ind)         0.0000      -nan(ind)
         0.0000         0.0000         0.0000         0.0000      -nan(ind)         0.0000      -nan(ind)
         0.0000         0.0000         0.0000         0.0000      -nan(ind)         0.0000      -nan(ind)
         0.0000         0.0000         0.0000         0.0000      -nan(ind)         0.0000      -nan(ind)
         0.0000         0.0000         0.0000         0.0000      -nan(ind)         0.0000      -nan(ind)
         0.0000         0.0000         0.0000         0.0000      -nan(ind)         0.0000      -nan(ind)
         0.0000         0.0000         0.0000         0.0000      -nan(ind)         0.0000      -nan(ind)
         0.0000         0.0000         0.0000         0.0000      -nan(ind)         0.0000      -nan(ind)
         0.0000         0.0000         0.0000         0.0000      -nan(ind)         0.0000      -nan(ind)
         0.0000         0.0000         0.0000         0.0000      -nan(ind)         0.0000      -nan(ind)
         0.0000         0.0000         0.0000         0.0000      -nan(ind)         0.0000      -nan(ind)
         0.0000         0.0000         0.0000         0.0000      -nan(ind)         0.0000      -nan(ind)
         0.0000         0.0000         0.0000         0.0000      -nan(ind)         0.0000      -nan(ind)
         0.0000         0.0000         0.0000         0.0000      -nan(ind)         0.0000      -nan(ind)
         0.0000         0.0000         0.0000         0.0000      -nan(ind)         0.0000      -nan(ind)
         0.0000         0.0000         0.0000         0.0000      -nan(ind)         0.0000      -nan(ind)
         0.0000         0.0000         0.0000         0.0000      -nan(ind)         0.0000      -nan(ind)
         0.0000         0.0000         0.0000         0.0000      -nan(ind)         0.0000      -nan(ind)
         0.0000         0.0000         0.0000         0.0000      -nan(ind)         0.0000      -nan(ind)
         0.0000         0.0000         0.0000         0.0000      -nan(ind)         0.0000      -nan(ind)
         0.0000         0.0000         0.0000         0.0000      -nan(ind)         0.0000      -nan(ind)
         0.0000         0.0000         0.0000         0.0000      -nan(ind)         0.0000      -nan(ind)
         0.0000         0.0000         0.0000         0.0000      -nan(ind)         0.0000      -nan(ind)
         0.0000         0.0000         0.0000         0.0000      -nan(ind)         0.0000      -nan(ind)
         0.0000         0.0000         0.0000         0.0000      -nan(ind)         0.0000      -nan(ind)
         0.0000         0.0000         0.0000         0.0000      -nan(ind)         0.0000      -nan(ind)
         0.0000         0.0000         0.0000         0.0000      -nan(ind)         0.0000      -nan(ind)
         0.0000         0.0000         0.0000         0.0000      -nan(ind)         0.0000      -nan(ind)
         0.0000         0.0000         0.0000         0.0000      -nan(ind)         0.0000      -nan(ind)
         0.0000         0.0000         0.0000         0.0000      -nan(ind)         0.0000      -nan(ind)
         0.0000         0.0000         0.0000         0.0000      -nan(ind)         0.0000      -nan(ind)
Free energy change for the current window:  -nan(ind)
Total free energy change until current window:  -nan(ind)
End of collection. Increasing lambda value
